# Cached latency data
# Format: config_name,msg_size,clients,p25,median,p75,p90,p95,p99
1_accel,1024,1,9.728,9.728,9.728,9.984,9.984,10.240
1_accel,1024,4,9.472,9.472,9.472,9.728,9.728,9.984
1_accel,1024,8,11.008,11.008,11.008,11.264,11.264,11.264
1_accel,1024,16,22.016,22.272,22.272,22.272,22.528,22.528
1_accel,1024,20,27.648,27.904,27.904,27.904,27.904,28.160
1_accel,1024,28,38.912,38.912,39.168,39.168,39.168,39.424
1_accel,4096,1,14.336,14.336,14.336,14.592,14.592,14.848
1_accel,4096,2,14.336,14.336,14.336,14.592,14.592,14.848
1_accel,4096,4,23.040,23.040,23.296,23.296,23.296,23.296
1_accel,4096,8,46.336,46.592,46.592,46.592,46.592,46.848
1_accel,4096,16,92.928,93.184,93.184,93.184,93.184,93.440
1_accel,4096,20,116.480,116.480,116.480,116.480,116.736,116.736
1_accel,4096,28,163.072,163.072,163.328,163.328,163.328,163.584
2_accel,1024,2,9.216,9.472,9.472,9.472,9.728,9.728
2_accel,1024,4,9.216,9.472,9.472,9.472,9.728,9.984
2_accel,1024,8,9.216,9.472,9.472,9.728,9.728,9.984
2_accel,1024,16,10.752,10.752,10.752,10.752,11.008,11.008
2_accel,1024,20,13.312,13.568,13.568,13.568,13.568,13.824
2_accel,1024,28,18.688,18.944,18.944,18.944,19.200,19.200
2_accel,4096,2,14.080,14.080,14.336,14.336,14.592,14.592
2_accel,4096,4,14.080,14.336,14.336,14.336,14.592,14.848
2_accel,4096,8,22.528,22.528,22.528,22.784,22.784,23.040
2_accel,4096,16,45.312,45.312,45.312,45.568,45.568,45.568
2_accel,4096,20,56.576,56.832,56.832,56.832,56.832,57.088
2_accel,4096,28,79.360,79.360,79.360,79.616,79.616,79.616
4_accel,1024,4,9.472,9.472,9.728,9.728,9.728,9.984
4_accel,1024,8,9.472,9.472,9.728,9.728,9.984,10.240
4_accel,1024,16,9.728,9.728,9.984,9.984,10.240,10.496
4_accel,1024,20,9.728,9.984,9.984,10.240,10.240,10.496
4_accel,1024,28,9.984,9.984,10.240,10.496,10.496,10.752
4_accel,4096,4,14.592,14.592,14.592,14.848,14.848,15.104
4_accel,4096,8,14.592,14.592,14.848,15.104,15.104,15.360
4_accel,4096,16,23.552,23.808,23.808,23.808,24.064,24.064
4_accel,4096,20,29.696,29.696,29.696,29.952,29.952,30.208
4_accel,4096,28,41.728,41.728,41.728,41.984,41.984,41.984
1_cpu,1024,1,13.824,13.824,15.872,16.128,16.384,17.664
1_cpu,1024,4,20.224,20.480,20.992,21.760,23.040,27.904
1_cpu,1024,8,40.704,40.960,41.472,42.496,43.008,45.056
1_cpu,1024,16,83.456,83.968,84.992,85.760,87.040,94.464
1_cpu,1024,20,105.728,106.496,107.264,108.288,109.312,112.128
1_cpu,1024,28,144.896,145.664,146.688,147.968,148.992,151.808
1_cpu,4096,1,30.208,30.208,30.464,30.976,31.488,32.768
1_cpu,4096,2,46.848,46.848,47.360,48.128,48.384,50.944
1_cpu,4096,4,86.016,86.528,87.296,87.808,88.576,97.792
1_cpu,4096,8,166.144,166.912,167.424,168.192,169.472,173.312
1_cpu,4096,16,359.168,359.936,360.960,362.752,364.544,380.672
1_cpu,4096,20,442.624,443.648,444.672,446.976,448.512,458.496
1_cpu,4096,28,623.872,624.896,626.432,628.992,630.528,640.256
2_cpu,1024,1,13.312,13.312,15.360,15.872,16.128,17.152
2_cpu,1024,2,13.568,14.592,15.872,16.384,17.152,20.736
2_cpu,1024,4,15.360,17.920,18.688,21.248,24.064,26.624
2_cpu,1024,8,20.992,25.856,26.880,28.672,29.696,32.512
2_cpu,1024,16,37.376,46.336,47.360,49.152,50.176,52.992
2_cpu,1024,20,48.384,55.808,58.624,60.160,61.952,65.536
2_cpu,1024,28,69.632,78.336,81.152,82.432,83.200,88.320
2_cpu,4096,1,32.512,32.768,33.024,33.536,34.048,35.840
2_cpu,4096,4,32.256,62.720,63.744,65.024,66.304,68.608
2_cpu,4096,8,90.624,90.880,91.904,92.672,94.208,98.816
2_cpu,4096,16,149.760,168.192,198.912,203.520,205.824,209.920
2_cpu,4096,20,177.664,200.704,267.520,271.872,276.224,283.392
2_cpu,4096,28,239.616,254.976,372.480,378.624,383.232,390.400
4_cpu,1024,1,13.824,14.080,16.128,16.640,16.640,17.920
4_cpu,1024,4,13.568,14.080,16.128,16.896,17.664,20.224
4_cpu,1024,8,13.824,16.384,18.944,22.272,26.624,28.416
4_cpu,1024,16,20.992,24.064,34.048,37.120,39.424,44.032
4_cpu,1024,20,26.112,27.904,31.744,34.560,35.840,39.424
4_cpu,1024,28,27.904,40.960,66.048,69.376,71.680,76.544
4_cpu,4096,1,33.280,33.280,33.536,34.304,34.816,36.864
4_cpu,4096,4,32.768,41.984,48.896,50.432,51.712,54.528
4_cpu,4096,8,36.864,48.384,96.256,99.584,101.120,105.984
4_cpu,4096,16,68.608,92.672,155.136,160.256,163.072,170.496
4_cpu,4096,20,93.952,141.056,157.184,162.560,165.376,173.056
4_cpu,4096,28,159.232,161.792,165.632,169.472,172.544,183.552
1_dpu,1024,1,13.824,14.848,16.128,17.408,18.176,22.784
1_dpu,1024,4,23.808,25.088,27.904,35.840,36.864,40.192
1_dpu,1024,8,45.824,46.848,48.384,50.688,52.736,66.048
1_dpu,1024,16,90.112,91.904,94.464,97.536,100.864,115.968
1_dpu,1024,20,117.760,120.064,122.880,126.464,130.048,146.176
1_dpu,1024,28,173.056,176.128,179.200,183.040,188.416,204.288
1_dpu,4096,1,30.976,31.488,32.256,33.024,34.048,42.240
1_dpu,4096,4,79.616,80.384,81.664,83.712,85.760,101.632
1_dpu,4096,8,166.656,168.192,170.240,173.056,177.152,193.024
1_dpu,4096,16,327.936,330.752,334.848,341.248,352.000,361.216
1_dpu,4096,20,410.112,413.184,417.280,427.520,435.456,444.160
1_dpu,4096,28,587.264,591.360,596.480,610.048,615.168,623.360
2_dpu,1024,1,13.312,14.336,15.360,16.640,17.408,21.504
2_dpu,1024,4,22.784,24.576,28.160,34.560,35.584,38.912
2_dpu,1024,8,48.128,49.152,50.688,52.992,54.528,66.816
2_dpu,1024,16,90.368,92.160,94.720,97.792,100.864,116.480
2_dpu,1024,20,119.552,121.856,124.672,128.000,131.584,148.992
2_dpu,1024,28,172.288,175.360,178.432,182.272,187.392,203.008
2_dpu,4096,1,28.672,29.184,29.696,30.464,31.488,39.424
2_dpu,4096,4,76.800,77.568,78.848,80.640,82.432,98.560
2_dpu,4096,8,151.296,152.832,155.136,157.952,164.096,177.408
2_dpu,4096,16,320.512,322.816,326.912,332.288,344.064,352.256
2_dpu,4096,20,410.624,413.952,418.304,428.032,436.224,444.160
2_dpu,4096,28,584.960,588.544,593.408,607.232,612.352,619.776
4_dpu,1024,1,17.408,18.688,19.200,20.992,21.504,26.368
4_dpu,1024,4,23.296,24.832,28.672,35.584,36.608,40.192
4_dpu,1024,8,41.984,43.008,44.544,46.592,48.640,59.904
4_dpu,1024,16,91.648,93.440,96.256,99.840,103.936,118.272
4_dpu,1024,20,119.552,121.856,124.672,128.512,133.888,148.480
4_dpu,1024,28,170.240,173.056,176.384,180.736,190.464,201.984
4_dpu,4096,1,30.720,31.232,32.000,32.768,33.792,41.728
4_dpu,4096,4,82.688,83.712,84.992,86.784,89.088,104.704
4_dpu,4096,8,165.632,166.912,168.960,172.544,180.224,192.768
4_dpu,4096,16,320.768,323.584,327.680,337.664,346.112,355.328
4_dpu,4096,20,409.088,412.416,417.024,430.848,436.992,447.744
4_dpu,4096,28,574.720,578.560,583.936,599.040,604.416,624.896
