0 0
0 0
0 0
0 0
3 7940
4 7423
4 7423
6 7020
7 7276
7 7276
9 8200
11 7433
12 7465
13 7402
13 7402
13 7294
15 2380
16 2380
16 2380
19 7471
21 7196
22 7851
23 8161
24 7478
24 7478
26 7614
26 7614
26 6732
28 2284
29 2284
29 2284
29 6720
33 1865
33 1865
34 1865
38 7635
38 7635
39 7061
40 7229
41 7545
42 6992
44 7155
44 7155
46 7499
46 7499
48 7177
49 7292
50 7279
51 8269
51 8269
53 7907
54 7466
56 7231
57 7385
59 8637
59 8637
60 8637
60 8637
62 8416
64 7601
64 7601
65 7601
67 8055
68 7079
68 7079
70 7611
71 7137
72 7307
73 8319
74 9179
75 7746
75 7746
75 6864
77 2641
78 2641
78 2641
82 8096
82 8096
82 6419
84 2029
84 2029
85 2029
88 8586
89 8727
91 7421
91 7421
91 6522
93 2035
94 2035
94 2035
97 7283
98 7540
99 7406
101 7600
102 7925
103 8150
104 8897
105 8346
106 7914
106 7914
108 6987
109 7125
111 8428
111 8428
111 8428
114 7196
116 7800
116 7800
117 7800
117 7800
119 7320
120 7838
121 7461
122 7638
122 7638
125 8148
126 8199
127 8221
128 7271
129 7558
130 7710
132 8312
132 8312
133 8312
133 8312
135 7775
137 7619
138 7125
139 7985
140 8102
140 8102
140 6818
142 2563
142 2563
143 2563
143 2563
148 8732
149 8732
149 8732
149 8732
152 7259
153 8064
154 7244
155 8518
156 7792
157 7488
158 7157
160 8406
160 8406
161 8406
163 7649
164 7439
164 7439
164 6581
166 1865
167 1865
167 1865
171 7254
171 7254
172 7254
172 6743
174 3009
175 3009
175 3009
178 7490
179 8538
180 8182
181 7597
182 7107
184 8029
185 8004
186 8275
187 7175
188 7561
190 8222
190 8222
191 8222
191 8222
194 7580
194 7580
195 7580
197 7330
198 8242
199 7225
200 7461
202 7682
202 7682
203 7682
203 7682
206 7797
206 7797
208 7241
209 7082
210 7892
211 7184
212 7715
214 9068
214 9068
215 9068
217 7286
217 7286
219 8451
220 8775
220 8775
222 8029
223 8029
223 8029
225 7716
226 8221
227 8180
229 7198
230 7194
230 7194
232 7160
233 7214
235 8563
235 8563
235 8563
236 8563
236 8563
240 7063
241 7884
242 8215
243 7448
243 7448
245 7285
246 7180
246 7180
246 7245
248 2420
249 2420
252 7273
254 7954
254 7954
255 7954
255 7954
257 8027
258 6977
258 6977
260 7482
261 7666
262 7310
264 8535
265 7448
266 7410
267 7005
269 7518
269 7518
270 7590
271 8172
272 7200
273 7403
273 6403
276 7848
276 7848
276 7848
279 7848
279 7848
281 7573
282 7419
283 7187
284 7718
284 7718
287 7111
287 7111
289 7104
289 7104
291 6902
292 8083
293 8315
294 7465
295 8241
295 8241
297 2085
297 2085
298 2085
298 2085
303 8988
303 8988
303 8988
306 7525
306 7525
307 7525
307 7525
310 7148
311 7430
311 7430
311 6390
313 2608
313 2608
314 2608
314 2608
318 7194
319 7202
321 7192
322 8241
323 7215
325 8204
325 8204
326 8204
326 8204
328 7203
328 7203
330 7811
331 7811
334 8413
334 8413
335 8413
335 8413
335 7528
337 2348
338 2348
338 2348
338 2348
342 7836
344 7875
345 7129
346 7222
346 7222
348 6911
349 7723
350 7272
351 8077
351 8077
351 6415
353 2037
354 2037
357 7116
358 8595
359 8118
359 8118
359 6831
361 1959
361 1959
361 1959
362 1959
366 1959
368 7328
370 8229
370 8229
371 8229
371 8229
371 8229
374 7773
375 8816
377 8949
377 8949
378 8949
380 8807
380 8807
382 7612
383 8342
384 7754
385 7813
386 7287
387 7439
389 9038
390 9038
390 9038
392 7818
393 7333
394 7738
395 8533
396 8536
397 7592
398 8336
400 7803
400 7803
401 7803
401 7190
403 2061
404 2061
404 2061
407 8021
408 7618
409 7733
410 8570
411 8172
413 8482
414 8244
415 7701
416 7124
417 8717
418 7758
419 7897
420 7445
421 7378
422 8004
423 7436
425 7292
426 7040
427 7693
428 7863
429 7040
431 7912
431 7912
432 7025
433 8420
434 8826
435 7037
435 6843
437 2048
437 2048
438 2048
438 2048
438 2048
443 7731
445 7874
445 7874
446 7874
448 7618
449 7261
450 7174
451 7151
452 8014
453 8633
454 7907
455 7708
456 7213
456 7213
456 6463
458 2020
459 2020
462 7311
462 7311
464 6916
465 7395
466 8119
466 8119
468 7675
469 7821
471 7990
472 7351
472 7351
472 6699
474 2605
475 6784
475 6784
475 6784
478 6784
478 6784
478 6271
482 6271
482 6271
482 6271
486 6271
486 6271
488 7001
489 6951
490 8450
491 7988
492 8235
494 7380
495 7394
495 7394
497 7520
498 7037
499 7199
500 7032
501 7016
503 8031
503 8031
504 8031
504 8031
507 7509
507 7509
509 6990
509 9346
511 1956
511 1956
511 1956
512 1956
512 1956
516 7868
518 8984
518 8984
520 7422
521 7189
522 7510
522 7510
524 6942
525 8837
525 8837
527 7453
529 7451
530 8635
531 8273
532 8178
533 8001
534 7471
534 9216
536 1757
536 1757
536 1757
537 1757
541 8269
542 7755
544 7856
544 7856
544 7254
546 7254
546 7254
547 7254
549 7169
549 7169
551 7402
553 7510
554 8043
554 8043
556 7342
557 7184
557 7184
559 7253
560 7048
561 8271
563 7907
564 7459
564 7459
566 7707
566 7581
568 1964
568 1964
568 1964
569 7459
572 7685
573 7450
575 7795
575 7795
575 7872
577 1917
578 1917
578 1917
578 1917
582 7362
583 7834
584 8483
586 8015
587 7387
587 7387
589 7236
590 7072
592 8487
592 8487
593 8487
593 8487
595 7677
595 7677
598 8112
599 8018
600 7770
601 7702
602 7453
602 7453
602 6748
604 2329
605 2329
605 2329
609 8095
609 8095
611 8353
612 7943
613 7425
614 8405
615 7196
616 7145
616 7145
618 7203
619 7112
621 8224
622 7075
623 7405
623 7405
625 7562
625 7562
627 7633
628 8455
628 8455
630 7716
632 7486
632 7486
634 8297
635 8123
636 7470
637 7550
637 7550
637 6735
639 2027
640 2027
640 2027
644 7954
644 7954
644 7954
647 7671
648 7226
648 7226
648 7536
650 2014
650 2014
651 2014
655 7705
656 8322
657 8035
658 7196
659 7383
659 7383
662 7513
662 7513
662 7513
663 7513
665 8263
667 7103
667 7103
669 7215
670 7323
670 7323
672 8845
673 7117
673 7117
675 7186
676 7436
678 7858
679 7986
679 7986
679 6967
681 1899
681 1899
681 1899
682 1899
686 7999
687 7436
688 7212
690 7901
691 7901
691 7901
693 8221
693 8221
693 6929
695 2070
695 2070
695 2070
696 2070
700 8130
702 1775
702 1775
702 1775
703 7529
706 7918
707 7734
708 8009
709 7233
710 7112
711 7439
713 7420
714 7161
714 7161
716 7954
716 7954
716 6749
718 2026
718 2026
719 2026
722 7838
724 6844
724 6844
726 6844
726 6844
728 7986
729 7986
729 7986
730 7986
732 7417
733 7166
734 7424
736 7114
737 8310
738 7761
738 7761
740 7747
740 7747
740 6689
742 2004
743 2004
743 2004
747 7737
748 7229
750 8039
750 8039
751 6951
752 8310
753 7189
754 7157
754 7157
756 7176
758 8663
759 8663
759 8663
761 8261
762 7846
763 7496
764 7234
765 7152
766 9093
767 8758
769 8683
769 8683
771 7461
772 7358
773 7111
774 8301
775 7335
776 7227
777 7228
778 7545
779 7506
780 7200
782 8789
783 8789
783 8789
783 8789
786 7436
786 7436
787 7436
789 7295
790 7170
790 7170
793 8695
794 6968
794 6968
794 8314
796 2471
796 2471
797 2471
800 7779
802 7717
803 7364
803 7364
804 7364
806 7682
807 7648
808 7628
809 7172
810 8058
811 7412
812 7138
813 7712
813 7712
813 7016
816 1863
816 1863
819 7190
820 8568
821 7203
822 8151
823 7344
824 8085
825 8249
826 7257
827 7240
829 7431
831 8578
831 8578
832 8578
832 8578
832 8578
835 7079
835 7079
837 8484
838 8319
840 7282
842 8997
842 8997
842 8997
843 8997
846 7649
846 7649
847 7649
847 7649
849 7168
850 7220
852 7096
853 7186
854 8530
854 8530
856 7401
856 7401
858 7509
859 7450
860 7551
861 8133
863 7542
863 7542
865 7541
866 7173
867 7138
867 7138
869 7343
870 7338
871 7448
872 7189
874 8022
874 8022
876 9023
876 9023
878 7817
879 7296
881 8764
881 8764
882 7188
883 8205
884 7701
886 7208
886 7208
888 7272
889 7418
889 7418
891 7387
893 7618
893 7618
893 7618
895 7327
897 7114
897 7114
899 7865
899 7865
901 7210
902 7085
903 7135
904 7168
904 7168
904 6858
906 2009
907 2009
910 7088
910 7088
912 8463
913 7093
914 7254
915 8724
916 8037
917 7433
918 7128
919 8217
919 6773
921 1950
922 1950
922 1950
925 7888
926 7220
927 8015
928 7471
929 7178
930 7244
932 7230
933 7580
934 8278
935 7261
935 7261
937 7083
938 7230
939 7336
941 8897
941 8897
942 8897
944 7643
945 7185
946 7475
947 8339
948 7417
949 8247
949 8247
951 7492
951 7492
952 7492
956 9208
956 9208
957 9208
957 9208
959 8060
960 7151
961 7156
962 8246
964 8839
964 8839
965 7224
967 7955
968 7955
968 7955
970 8161
971 7250
972 7550
973 8238
973 8238
975 8477
976 7166
978 8642
979 8642
979 8642
982 7967
982 7967
983 7967
983 7967
985 8549
985 8549
985 6967
987 2080
988 2080
991 8844
991 8844
993 7626
994 8451
995 7136
996 7794
997 8148
998 7035
998 7035
1000 7723
1002 7392
1002 7392
1004 7071
1005 7130
1006 7895
1007 8242
1008 7466
1010 7806
1010 7806
1011 7022
1013 8115
1013 8115
1013 7593
1015 2104
1015 2104
1016 2104
1016 2104
1020 8134
1021 8237
1021 8237
1024 7300
1024 7300
1024 7445
1026 1903
1027 1903
1027 1903
1027 1903
1031 7903
1032 7325
1033 7574
1034 7192
1036 8262
1036 8262
1036 6693
1038 2060
1038 2060
1039 2060
1039 2060
1039 7289
1043 2056
1044 2056
1044 2056
1048 7288
1048 7288
1050 7894
1051 7809
1052 7154
1054 7725
1054 7725
1055 7725
1055 7725
1058 8176
1059 8176
1059 8176
1061 7567
1061 7567
1063 7318
1064 8158
1065 8076
1065 8076
1067 7595
1067 7595
1070 8557
1071 8557
1071 8557
1071 8557
1074 7229
1075 7583
1075 7583
1075 6644
1077 5605
1078 5605
1078 5605
1083 8261
1083 8261
1083 8261
1085 7101
1086 7879
1087 7905
1088 7462
1089 7412
1090 7031
1091 7155
1093 7215
1094 7825
1095 7369
1095 7369
1096 7657
1096 7657
1099 8269
1100 7200
1101 7812
1102 8126
1103 7143
1105 7254
1106 7153
1108 7650
1108 7650
1109 7650
1109 7650
1112 7745
1112 7745
1112 7745
1113 7745
1116 7677
1117 7677
1117 7677
1119 7322
1120 7553
1120 7553
1120 6678
1122 2679
1123 2679
1123 2679
1126 7224
1127 7574
1130 7569
1130 7569
1131 7569
1131 7569
1131 7569
1135 7587
1135 7587
1136 7587
1136 7587
1139 1863
1139 1863
1139 1863
1140 1863
1140 1863
1145 8665
1145 8665
1146 8665
1146 8665
1148 8540
1148 8540
1150 7483
1150 7182
1152 2517
1152 2517
1153 2517
1156 7224
1157 7406
1157 7406
1159 7937
1160 8044
1161 7793
1162 7201
1162 6799
1164 2077
1164 2077
1164 2077
1165 2077
1169 7396
1169 7396
1171 7172
1171 7172
1175 8197
1175 8197
1175 8197
1177 7297
1178 7297
1180 8340
1180 8340
1181 8340
1181 8340
1183 7449
1183 7449
1185 2039
1186 2039
1186 2039
1189 8311
1190 7258
1191 7149
1191 7149
1193 7245
1193 7245
1195 7198
1197 8482
1197 7810
1199 2248
1199 2248
1199 2248
1200 2248
1200 2248
1204 7970
1205 7372
1206 8407
1206 8407
1208 1890
1208 1890
1212 8757
1212 8757
1213 8757
1213 8757
1215 7408
1215 7197
1217 1717
1217 1717
1217 1717
1218 1717
1222 7458
1223 7086
1224 7318
1226 8881
1226 8881
1227 8088
1228 7271
1229 7191
1230 7151
1231 7650
1231 7636
1233 6181
1234 6181
1234 6181
1237 7643
1238 7005
1238 7005
1238 7489
1240 2590
1241 2590
1241 2590
1245 7861
1246 7831
1247 8252
1248 7205
1249 7279
1250 7218
1251 7188
1252 7131
1253 7795
1255 8403
1256 7492
1257 7511
1258 7348
1258 7348
1258 7072
1260 2020
1261 2020
1261 2020
1261 2020
1266 7681
1267 7221
1267 7221
1269 7979
1270 7752
1271 7678
1272 7719
1273 7181
1274 7123
1274 7123
1276 7748
1276 6373
1276 6244
1279 6244
1279 6244
1279 6244
1283 7392
1283 7392
1284 7392
1286 7227
1287 7171
1289 7829
1290 7786
1291 9168
1292 7171
1293 7298
1295 8995
1295 8995
1296 8995
1296 8995
1298 8259
1298 8259
1301 6900
1302 6900
1304 7998
1304 7998
1305 7998
1305 7998
1307 8552
1307 8552
1307 7085
1309 2024
1310 2024
1310 2024
1314 7495
1315 7151
1316 8235
1317 8175
1318 7224
1318 7224
1320 7897
1321 7055
1322 7459
1324 7706
1325 7154
1325 7154
1327 8405
1328 1824
1328 1824
1328 1824
1329 7529
1332 7424
1333 7395
1334 7165
1336 8139
1337 7238
1339 7730
1339 7730
1340 7730
1340 7730
1340 7730
1343 8359
1343 8359
1344 8359
1346 8359
1348 7823
1349 7979
1349 7979
1351 7017
1351 7017
1351 7017
1352 7017
1355 8334
1356 7036
1358 7485
1360 7707
1360 7707
1361 7707
1361 7707
1363 8089
1364 8032
1365 7432
1366 7277
1368 7893
1368 7893
1369 7893
1371 7917
1372 7140
1373 7685
1374 7467
1374 7467
1374 6416
1376 2284
1377 2284
1377 2284
1381 8622
1382 7941
1384 7653
1384 7653
1385 7691
1386 8104
1386 8104
1386 6550
1388 1906
1389 1906
1389 1906
1393 8450
1394 7275
1395 7354
1396 7466
1397 6986
1397 6986
1399 8825
1400 7870
1401 7390
1402 7460
1403 7115
1403 6971
1405 2571
1405 2571
1405 2571
1406 2571
1410 7285
1411 7259
1413 8257
1413 8257
1414 8257
1416 7556
1417 7409
1418 7724
1419 7317
1421 8198
1421 8198
1422 8489
1423 8489
1423 8489
1425 7049
1425 7049
1427 7129
1429 7715
1430 7493
1430 7493
1432 7353
1433 7739
1434 7165
1435 7137
1436 8662
1437 8397
1440 7593
1440 7593
1441 7548
1442 7955
1443 7885
1444 8240
1445 7224
1446 7502
1447 7170
1448 7171
1449 7732
1451 7786
1451 7786
1453 7434
1454 7716
1454 7716
1454 7271
1456 2041
1457 2041
1457 2041
1457 2041
1462 7142
1463 7624
1464 7631
1465 8553
1466 7874
1467 7850
1468 7144
1469 8195
1470 7194
1471 7388
1472 8070
1474 7468
1475 7517
1475 7517
1477 7516
1478 7755
1479 7233
1480 7942
1481 8055
1482 7052
1483 7229
1485 7595
1486 7209
1487 7565
1487 7565
1487 7018
1489 2151
1490 2151
1490 2151
1493 7128
1494 8056
1495 7955
1496 7389
1496 7911
1499 8382
1499 8382
1499 8382
1502 8382
1502 8382
1504 7373
1505 7223
1506 7225
1508 8025
1509 8025
1509 8025
1509 7038
1511 2369
1512 2369
1512 2369
1515 7473
1515 7473
1515 8228
1517 5553
1518 5553
1521 7449
1522 8497
1523 8281
1523 8281
1525 7773
1527 7721
1527 7721
1528 7721
1528 7721
1530 2609
1531 2609
1531 2609
1534 7393
1535 7187
1537 7772
1537 7772
1538 7772
1538 7772
1540 7458
1540 7458
1542 5878
1543 5878
1543 5878
1546 8380
1547 7923
1548 7442
1549 7157
1550 7704
1551 7428
1551 7428
1553 2043
1554 2043
1554 2043
1554 6772
1557 1898
1558 1898
1558 1898
1558 1898
1562 7570
1563 7400
1564 7457
1566 7495
1567 8207
1568 8099
1570 8166
1570 8166
1571 8166
1571 8166
1573 7724
1573 7724
1573 7995
1576 2534
1576 2534
1576 6798
1579 2147
1580 2147
1580 2147
1583 7783
1584 7199
1585 7126
1586 7104
1586 7104
1588 7266
1590 8201
1591 7176
1592 7119
1592 7119
1592 7532
1594 5571
1595 5571
1595 5571
1599 7836
1600 7836
1600 7836
1602 7475
1603 7771
1604 8615
1605 7424
1606 7223
1607 7481
1608 7873
1608 7873
1608 7576
1611 2346
1611 2346
1611 2346
1615 7619
1616 8338
1617 8375
1618 7426
1618 7426
1620 8551
1621 7305
1622 7428
1624 7447
1625 7387
1626 8219
1627 8276
1628 7192
1629 7830
1630 7277
1631 7793
1632 7205
1633 8284
1635 7177
1635 7177
1637 8131
1638 7155
1638 7155
1640 7674
1641 8995
1642 7370
1643 7229
1644 7276
1646 7373
1647 8147
1649 8612
1649 8612
1650 7108
1651 7498
1652 7859
1653 8280
1654 7192
1655 8278
1656 8875
1658 8550
1659 7438
1660 7235
1660 7235
1662 7928
1662 7928
1664 7711
1664 7711
1666 7099
1667 7142
1668 7431
1669 7154
1671 8338
1672 7195
1673 7288
1674 9047
1674 9047
1676 7415
1677 9439
1678 7805
1679 7757
1681 7179
1682 7703
1683 7468
1684 8107
1685 7625
1686 7730
1687 7413
1688 7186
1689 8451
1691 7632
1691 7632
1692 7632
1694 7469
1694 7469
1696 6885
1696 6885
1696 6885
1698 6885
1698 6885
1701 6994
1703 7660
1704 7660
1704 7660
1704 7660
1707 7543
1708 7912
1708 7912
1709 7912
1711 7255
1712 7294
1713 7213
1714 8247
1716 7252
1717 7252
1717 7252
1718 7252
1718 7252
1721 8368
1722 7186
1723 7159
1724 7197
1724 7197
1726 5562
1727 5562
1727 5562
1731 8012
1731 8012
1733 9031
1733 9031
1734 9031
1734 9031
1736 7084
1737 7005
1740 8286
1740 8286
1741 8286
1741 8286
1743 8102
1744 7223
1746 8381
1746 8381
1747 7076
1748 8034
1750 8271
1752 7958
1752 7958
1753 7958
1753 7958
1755 7050
1756 7466
1757 8672
1757 8672
1757 7569
1759 5570
1760 5570
1763 7995
1764 7128
1765 8153
1765 8153
1767 7783
1768 7044
1768 7044
1770 8113
1772 9614
1773 9614
1773 9614
1775 7284
1776 10309
1777 8674
1777 8674
1779 9801
1780 7182
1781 7823
1782 7533
1782 7533
1785 7456
1786 8138
1787 7203
1787 7203
1789 7381
1790 7149
1791 7756
1792 7923
1793 7635
1794 8008
1795 7730
1797 7210
1798 7089
1799 7007
1800 8142
1800 8142
1802 7547
1802 7547
1804 7061
1805 7168
1806 7498
1808 8832
1809 8832
1809 8832
1811 7298
1812 7271
1813 7243
1814 8208
1814 8208
1816 8192
1817 1870
1817 1870
1818 7536
1821 7102
1822 8149
1822 8149
1824 7464
1826 8324
1826 8324
1827 7018
1828 7767
1828 7767
1830 8362
1832 7197
1833 7197
1834 7197
1834 7197
1836 8070
1837 8202
1838 7957
1839 6980
1841 7728
1841 7728
1842 7728
1844 7761
1845 8174
1845 8174
1847 7334
1848 8907
1849 8509
1850 7815
1850 7815
1852 7873
1853 7155
1855 7071
1855 7071
1857 7493
1857 7493
1859 7864
1860 7394
1862 7706
1862 7706
1863 7706
1865 7645
1866 8781
1867 8363
1868 7444
1869 7293
1870 8339
1870 8339
1873 7534
1873 7534
1874 8239
1875 8239
1875 7958
1877 2104
1877 2104
1878 2104
1878 2104
1882 7308
1882 7308
1882 6514
1884 1859
1885 1859
1888 8102
1889 7375
1890 7330
1890 7330
1892 8053
1893 7140
1893 7140
1895 8439
1895 8439
1895 7392
1897 2330
1898 2330
1898 2330
1902 7873
1903 8528
1903 8528
1905 6933
1905 6933
1907 7442
1907 7442
1907 7241
1909 6675
1910 6675
1913 7221
1914 7166
1915 7197
1916 7247
1917 8309
1918 8138
1919 8182
1920 7219
1921 7089
1923 7356
1924 8849
1925 8419
1925 8419
1927 7761
1928 7529
1929 7220
1930 7454
1930 7454
1932 7923
1935 7771
1935 7771
1935 7771
1937 7206
1938 7161
1938 7161
1940 7965
1941 7126
1942 7577
1942 7577
1944 7190
1946 8128
1946 8128
1948 7453
1949 7323
1949 7323
1951 7375
1952 8422
1953 8328
1954 8193
1955 7650
1955 7650
1957 7271
1957 6739
1959 2042
1960 2042
1960 2042
1963 8139
1963 8139
1965 7443
1966 7729
1968 7652
1969 7595
1970 7191
1971 7216
1973 7688
1973 7688
1974 7688
1974 7688
1976 7990
1976 7990
1978 7334
1979 7165
1981 8226
1981 8226
1982 8226
1984 7434
1984 8262
1986 1800
1986 1800
1986 1800
1987 1800
1987 1800
1991 8555
1991 6481
1993 5557
1994 5557
1997 8257
1997 8257
1998 7605
1998 7605
2000 7530
2001 8216
2002 7644
2004 7539
2005 8262
2006 8134
2007 7167
2007 7167
2009 8212
2010 7079
2010 7079
2010 7380
2012 5859
2013 5859
2016 8184
2016 8184
2018 7060
2019 8110
2020 8185
2021 7829
2022 7323
2023 7261
2024 7115
2024 7115
2026 2442
2026 2442
2027 2442
2030 7508
2031 7543
2031 7543
2033 6982
2033 6982
2035 9067
2036 7311
2037 7801
2039 7742
2040 8413
2041 8930
2042 7624
2042 7624
2044 6996
2044 6996
2046 7031
2047 7115
2048 8462
2050 7602
2050 7602
2052 7010
2053 7666
2054 7798
2055 7460
2056 8132
2057 7317
2058 7186
2059 8460
2061 7123
2062 7362
2063 8021
2064 7431
2065 7156
2066 7412
2066 7412
2068 7475
2069 7404
2070 8436
2071 8267
2074 8084
2074 8084
2075 8084
2075 8084
2075 8084
2075 7624
2078 6702
2078 6702
2079 6702
2079 6702
2084 1971
2084 1971
2084 1971
2085 1971
2085 1971
2089 7743
2090 7152
2091 7150
2091 7150
2093 7476
2094 7387
2096 7183
2097 7537
2098 7401
2098 7401
2100 7797
2101 7217
2103 7923
2103 7923
2104 6955
2105 6963
2107 8310
2108 7186
2109 7176
2109 7176
2111 7702
2111 7702
2113 7048
2114 8237
2115 7005
2115 7005
2117 8652
2119 8652
2119 8652
2119 7299
2121 2682
2122 7159
2122 7159
2122 7159
2125 7159
2127 7287
2128 7087
2129 8175
2129 6420
2131 2102
2132 2102
2132 2102
2132 2102
2136 7908
2136 7908
2138 8624
2138 8624
2140 7334
2140 6778
2142 2558
2143 2558
2143 2558
2143 2558
2147 7088
2148 7829
2149 8700
2150 7226
2151 8202
2153 7091
2153 7091
2155 7943
2155 7943
2155 7138
2157 2536
2158 2536
2158 2536
2161 7224
2162 7729
2162 7729
2164 2406
2165 2406
2165 2406
2165 7083
2168 2083
2168 2083
2168 2083
2169 2083
2169 7451
2169 5909
2174 5909
2174 5909
2178 5909
2178 5909
2180 8048
2181 7601
2182 7814
2183 8052
2183 8052
2183 6526
2185 2103
2186 2103
2186 2103
2190 7621
2191 7895
2192 8312
2193 7160
2194 7996
2194 7996
2196 8052
2196 8052
2198 1893
2199 1893
2199 1893
2202 8286
2203 7432
2203 7432
2205 8576
2206 8091
2206 8091
2208 7844
2210 8521
2211 8521
2211 8521
2211 8521
2214 7283
2215 7170
2216 8033
2217 7182
2218 7159
2219 7410
2220 8240
2221 8381
2223 8279
2224 7594
2225 7255
2226 7748
2227 7158
2228 7174
2230 7655
2230 7655
2230 7655
2231 7655
2233 7637
2233 8493
2235 2091
2235 2091
2236 2091
2239 7208
2240 7983
2241 7719
2242 7117
2243 7480
2243 7480
2246 8531
2247 7490
2248 7640
2248 7640
2248 6735
2251 8759
2251 8759
2251 8759
2254 8759
2254 8759
2257 7198
2258 7154
2259 8225
2261 9002
2261 9002
2262 7022
2263 7874
2264 7082
2265 7692
2266 8633
2268 9994
2269 9994
2269 9994
2271 7119
2272 7340
2273 8359
2275 8813
2275 8813
2275 8813
2276 8813
2276 6410
2279 2484
2279 2484
2282 8350
2283 7234
2283 7234
2283 6595
2285 2068
2285 2068
2285 2068
2286 2068
2286 2068
2292 7860
2293 7187
2294 7226
2294 7226
2296 7848
2297 7848
2297 7848
2297 7848
2298 7848
2301 8041
2303 8146
2303 8146
2305 8143
2306 7713
2307 7180
2308 7166
2309 7430
2310 8434
2311 8017
2312 8047
2312 8047
2314 7743
2316 7117
2317 8180
2317 8180
2319 7374
2320 8291
2321 7787
2321 7787
2323 7304
2324 8011
2326 8585
2327 7245
2327 7245
2329 7688
2329 7688
2329 7688
2330 7688
2333 7960
2334 7167
2335 7036
2335 7036
2337 1901
2337 1901
2338 1901
2341 7780
2342 7255
2344 7867
2344 7867
2344 7867
2345 7867
2347 8221
2349 8219
2350 8773
2350 8773
2352 7260
2353 7652
2354 8139
2354 8139
2356 7728
2356 7728
2357 7728
2359 7144
2361 8343
2361 8343
2363 7387
2364 7168
2365 7419
2366 7124
2367 7704
2367 7704
2367 7379
2369 2066
2370 2066
2370 2066
2374 7485
2375 7107
2376 8192
2376 8192
2378 7482
2379 7514
2379 7514
2381 7202
2382 7204
2384 8526
2385 8526
2385 8526
2385 8526
2388 7787
2389 7711
2390 8371
2391 8695
2392 7253
2393 7302
2395 7510
2396 7492
2397 8108
2398 8396
2399 7489
2399 7489
2401 7284
2402 7308
2403 7156
2403 7156
2403 7452
2403 6441
2406 6441
2406 6441
2406 6441
2410 6441
2412 8407
2413 8338
2414 7656
2415 7242
2416 7718
2418 7662
2419 7023
2419 7023
2421 7424
2422 7171
2423 7264
2424 7669
2424 7669
2426 7491
2427 9342
2428 8410
2429 7892
2431 7295
2431 7295
2433 7312
2433 7312
2435 8090
2436 8090
2436 8090
2438 8090
2438 8090
2440 7125
2442 8777
2443 7392
2444 8191
2445 8517
2446 7393
2447 7223
2448 7170
2449 8090
2449 8090
2449 6732
2452 2332
2452 2332
2455 7675
2456 7660
2457 7373
2458 7104
2459 8008
2459 8008
2461 7262
2462 7587
2463 7242
2465 8613
2466 8173
2467 8009
2467 8009
2469 7317
2470 7689
2470 7689
2472 7416
2473 7141
2474 8179
2476 7187
2477 7673
2478 7515
2479 7757
2480 7956
2481 8145
2482 7205
2483 7209
2483 7209
2483 6904
2485 1890
2486 1890
2486 1890
2490 7167
2492 8180
2492 8180
2492 8180
2493 8180
2493 8180
2496 8093
2496 8093
2498 7123
2500 7356
2501 8012
2502 7469
2503 9020
2503 9020
2505 7266
2506 8435
2506 8435
2508 7416
2509 8238
2511 7034
2512 7206
2513 7589
2514 7185
2515 7146
2515 7146
2517 7695
2518 7591
2519 7328
2520 7510
2522 7127
2523 8010
2523 8010
2525 8244
2526 1913
2526 1913
2526 1913
2530 8212
2530 8212
2530 8212
2531 8212
2534 6909
2535 7144
2535 7144
2535 7053
2537 2225
2538 2225
2538 2225
2542 8675
2542 8675
2542 8675
2543 8675
2546 7949
2547 8685
2548 7547
2549 7137
2549 7137
2551 7704
2552 7704
2552 7704
2554 8073
2555 7151
2557 7612
2558 7118
2560 8217
2560 8217
2561 8217
2561 8217
2563 7497
2564 7549
2564 7549
2564 7016
2567 2030
2567 2030
2570 7153
2570 7153
2570 6672
2572 1936
2572 1936
2573 1936
2573 1936
2577 7393
2578 7752
2579 7776
2581 7160
2582 8003
2583 8180
2584 9075
2584 9075
2586 7588
2587 7588
2587 7588
2588 7588
2590 9045
2592 7548
2593 7217
2593 7217
2593 6539
2595 2104
2595 2104
2596 2104
2596 2104
2600 7410
2600 7410
2603 7224
2604 8000
2605 8048
2605 8048
2607 8115
2607 8115
2609 8216
2610 7497
2611 8584
2611 8584
2613 2016
2613 2016
2614 2016
2614 2016
2618 7389
2620 9206
2620 9206
2621 9206
2621 9206
2621 7231
2623 2766
2627 8990
2627 8990
2628 8990
2628 8990
2630 7439
2631 7333
2632 7950
2633 8999
2634 8457
2634 8457
2636 8298
2638 7225
2639 7092
2639 7092
2641 7538
2642 8048
2643 7618
2645 7684
2645 7684
2645 7684
2647 7189
2649 8638
2649 8638
2650 8638
2652 7831
2653 7999
2654 7445
2655 8434
2655 8434
2657 8528
2658 7860
2660 8432
2661 7861
2661 7861
2663 8490
2664 7424
2666 8037
2666 8037
2667 8037
2667 8037
2669 8032
2670 8616
2672 7270
2672 7270
2673 7059
2675 7711
2676 7846
2676 7846
2678 8047
2679 8168
2680 8193
2680 8193
2683 7364
2684 8092
2685 8735
2686 7659
2686 7659
2688 7152
2689 7451
2690 7020
2691 7121
2692 8152
2693 8494
2695 7858
2696 7858
2696 7858
2698 7690
2700 8068
2700 8068
2700 8068
2700 8068
2702 8068
2704 7211
2704 7211
2706 7874
2706 7874
2707 7874
2710 7166
2711 7477
2712 7389
2713 7381
2714 8235
2715 7712
2716 7156
2718 7156
2718 7156
2720 7396
2721 8384
2721 8384
2724 7921
2724 7921
2725 7921
2725 7864
2727 2342
2727 2342
2728 2342
2728 2342
2732 7494
2732 7494
2734 7358
2736 8552
2736 8552
2737 8552
2737 8552
2739 7138
2741 8888
2742 7674
2743 8340
2744 8304
2745 7257
2746 8087
2747 7517
2747 7517
2747 7018
2749 3051
2749 3051
2750 3051
2754 7106
2755 7636
2756 7459
2757 7449
2758 8196
2759 7481
2760 7463
2760 8189
2762 1730
2762 1730
2763 1730
2767 8694
2767 8694
2768 7087
2770 7980
2770 7980
2771 7980
2773 8447
2773 8447
2774 7347
2775 7347
2777 7195
2777 7195
2777 7937
2779 2699
2779 2699
2779 2699
2784 8634
2784 8634
2785 6903
2787 8126
2788 7675
2789 7178
2789 7178
2791 7411
2791 7411
2794 7571
2794 7571
2795 7571
2795 7571
2797 7189
2799 7179
2800 7315
2802 8552
2802 8552
2803 8552
2803 8552
2805 7133
2806 7726
2807 7191
2808 7557
2810 7446
2810 7446
2812 7138
2813 7484
2814 7408
2815 7210
2816 8825
2817 7391
2817 7391
2819 8947
2820 7251
2822 7509
2823 8026
2823 8026
2825 7338
2826 7575
2827 7107
2827 7107
2829 7406
2830 7912
2830 7912
2833 7703
2834 7126
2835 7438
2835 7438
2838 7606
2838 7606
2838 7606
2840 7191
2841 7221
2842 7597
2843 7183
2844 7448
2844 7876
2846 2057
2847 2057
2847 2057
2851 7684
2851 7684
2852 7684
2852 7684
2852 6835
2854 2086
2855 2086
2855 2086
2859 7272
2860 8179
2861 7344
2862 7161
2863 7345
2863 7345
2863 6444
2865 1906
2869 8793
2869 8793
2870 8793
2870 8793
2872 7302
2873 7408
2873 7408
2875 8856
2876 7672
2876 7672
2878 7279
2880 7131
2881 7088
2881 7088
2883 7376
2884 7164
2885 7182
2886 7176
2887 7076
2887 7076
2889 8979
2891 7730
2892 7372
2893 7155
2895 8666
2895 8666
2895 8666
2897 7722
2898 8130
2898 8130
2898 6855
2901 7952
2901 7952
2901 7952
2904 7952
2906 7176
2907 7227
2907 7227
2909 7720
2911 7787
2911 7787
2912 7231
2914 7279
2915 7679
2916 7484
2917 8449
2918 8071
2919 8207
2920 7741
2921 7584
2923 7672
2923 7672
2924 7672
2926 7602
2926 7602
2928 7097
2928 7097
2930 7461
2931 7079
2932 7130
2932 7130
2934 8924
2935 8071
2937 7290
2938 7134
2939 8148
2940 8116
2941 7992
2942 7389
2943 7428
2944 7683
2945 7151
2945 7151
2945 7599
2948 2641
2948 2641
2951 8389
2952 7758
2952 7758
2954 7327
2954 7327
2956 7699
2957 8008
2959 7825
2959 7825
2962 8541
2962 8541
2962 8541
2963 8541
2965 7354
2966 7288
2967 7292
2968 8169
2969 8465
2970 7957
2972 8455
2973 8021
2974 7857
2975 8068
2975 8068
2977 7665
2979 7833
2979 7833
2980 7725
2980 7725
2983 7702
2984 7989
2984 7989
2986 7923
2987 7139
2989 7691
2989 7691
2990 7691
2990 7691
2992 7188
2992 7188
2996 8176
2996 8176
2996 8176
2997 8176
2997 8176
2997 8176
2997 8176
2997 8176
2997 8176
2997 8176
2997 8176
2997 8176
2997 8176
2997 8176
2997 8176
2997 8176
2997 8176
2997 8176
2997 8176
2997 8176
2997 8176
2997 8176
2997 8176
2997 8176
2997 8176
2997 8176
2997 8176
2997 8176
2997 8176
2997 8176
2997 8176
2997 8176
2997 8176
2997 8176
2997 8176
2997 8176
2997 8176
2997 8176
2997 8176
2997 8176
2997 8176
2997 8176
2997 8176
2997 8176
2997 8176
2997 8176
2997 8176
2997 8176
2997 8176
2997 8176
2997 8176
2997 8176
2997 8176
2997 8176
2997 8176
2997 8176
2997 8176
2997 8176
2997 8176
2997 8176
2997 8176
2997 8176
2997 8176
2997 8176
2997 8176
2997 8176
2997 8176
2997 8176
2997 8176
2997 8176
2997 8176
2997 8176
2997 8176
2997 8176
2997 8176
2997 8176
2997 8176
2997 8176
2997 8176
2997 8176
2997 8176
2997 8176
2997 8176
2997 8176
2997 8176
2997 8176
2997 8176
2997 8176
2997 8176
2997 8176
2997 8176
2997 8176
2997 8176
2997 8176
2997 8176
2997 8176
2997 8176
2997 8176
2997 8176
2997 8176
2997 8176
2997 8176
2997 8176
2997 8176
2997 8176
2997 8176
2997 8176
2997 8176
2997 8176
2997 8176
2997 8176
2997 8176
2997 8176
2997 8176
2997 8176
2997 8176
2997 8176
2997 8176
2997 8176
2997 8176
2997 8176
2997 8176
2997 8176
2997 8176
2997 8176
2997 8176
2997 8176
2997 8176
2997 8176
2997 8176
2997 8176
2997 8176
2997 8176
2997 8176
2997 8176
2997 8176
2997 8176
2997 8176
2997 8176
2997 8176
2997 8176
2997 8176
2997 8176
2997 8176
2997 8176
2997 8176
2997 8176
2997 8176
2997 8176
2997 8176
2997 8176
2997 8176
2997 8176
2997 8176
2997 8176
2997 8176
2997 8176
2997 8176
2997 8176
2997 8176
2997 8176
2997 8176
2997 8176
2997 8176
2997 8176
2997 8176
2997 8176
2997 8176
2997 8176
2997 8176
2997 8176
2997 8176
2997 8176
2997 8176
2997 8176
2997 8176
2997 8176
2997 8176
2997 8176
2997 8176
2997 8176
2997 8176
2997 8176
2997 8176
2997 8176
2997 8176
2997 8176
2997 8176
2997 8176
2997 8176
2997 8176
2997 8176
2997 8176
2997 8176
2997 8176
2997 8176
2997 8176
2997 8176
2997 8176
2997 8176
2997 8176
2997 8176
2997 8176
2997 8176
2997 8176
2997 8176
2997 8176
2997 8176
2997 8176
2997 8176
2997 8176
2997 8176
2997 8176
2997 8176
2997 8176
2997 8176
2997 8176
2997 8176
2997 8176
2997 8176
2997 8176
2997 8176
2997 8176
2997 8176
2997 8176
2997 8176
2997 8176
2997 8176
2997 8176
2997 8176
2997 8176
2997 8176
2997 8176
2997 8176
2997 8176
2997 8176
2997 8176
2997 8176
2997 8176
2997 8176
2997 8176
2997 8176
2997 8176
2997 8176
2997 8176
2997 8176
2997 8176
2997 8176
2997 8176
2997 8176
2997 8176
2997 8176
2997 8176
2997 8176
2997 8176
2997 8176
2997 8176
2997 8176
2997 8176
2997 8176
2997 8176
2997 8176
2997 8176
2997 8176
2997 8176
2997 8176
2997 8176
2997 8176
2997 8176
2997 8176
2997 8176
2997 8176
2997 8176
2997 8176
2997 8176
2997 8176
2997 8176
2997 8176
2997 8176
2997 8176
2997 8176
2997 8176
2997 8176
2997 8176
2997 8176
2997 8176
2997 8176
2997 8176
2997 8176
2997 8176
2997 8176
2997 8176
2997 8176
2997 8176
2997 8176
2997 8176
2997 8176
2997 8176
2997 8176
2997 8176
2997 8176
2997 8176
2997 8176
2997 8176
2997 8176
2997 8176
2997 8176
2997 8176
2997 8176
2997 8176
2997 8176
2997 8176
2997 8176
2997 8176
2997 8176
2997 8176
2997 8176
2997 8176
2997 8176
2997 8176
2997 8176
2997 8176
2997 8176
2997 8176
2997 8176
2997 8176
2997 8176
2997 8176
2997 8176
2997 8176
2997 8176
2997 8176
2997 8176
2997 8176
2997 8176
2997 8176
2997 8176
2997 8176
2997 8176
2997 8176
2997 8176
2997 8176
2997 8176
2997 8176
2997 8176
2997 8176
2997 8176
2997 8176
2997 8176
2997 8176
2997 8176
2997 8176
2997 8176
2997 8176
2997 8176
2997 8176
2997 8176
2997 8176
2997 8176
2997 8176
2997 8176
2997 8176
2997 8176
2997 8176
2997 8176
2997 8176
2997 8176
2997 8176
2997 8176
2997 8176
2997 8176
2997 8176
2997 8176
2997 8176
2997 8176
2997 8176
2997 8176
2997 8176
2997 8176
2997 8176
2997 8176
2997 8176
2997 8176
2997 8176
2997 8176
2997 8176
2997 8176
2997 8176
2997 8176
2997 8176
2997 8176
2997 8176
2997 8176
2997 8176
2997 8176
2997 8176
2997 8176
2997 8176
2997 8176
2997 8176
2997 8176
2997 8176
2997 8176
2997 8176
2997 8176
2997 8176
2997 8176
2997 8176
2997 8176
2997 8176
2997 8176
2997 8176
2997 8176
2997 8176
2997 8176
2997 8176
2997 8176
2997 8176
2997 8176
2997 8176
2997 8176
2997 8176
2997 8176
2997 8176
2997 8176
2997 8176
2997 8176
2997 8176
2997 8176
2997 8176
2997 8176
2997 8176
2997 8176
2997 8176
2997 8176
2997 8176
2997 8176
2997 8176
2997 8176
2997 8176
2997 8176
2997 8176
2997 8176
2997 8176
2997 8176
2997 8176
2997 8176
2997 8176
2997 8176
2997 8176
2997 8176
2997 8176
2997 8176
2997 8176
2997 8176
2997 8176
2997 8176
2997 8176
2997 8176
2997 8176
2997 8176
2997 8176
2997 8176
2997 8176
2997 8176
2997 8176
2997 8176
2997 8176
2997 8176
2997 8176
2997 8176
2997 8176
2997 8176
2997 8176
2997 8176
2997 8176
2997 8176
2997 8176
2997 8176
2997 8176
2997 8176
2997 8176
2997 8176
2997 8176
2997 8176
2997 8176
2997 8176
2997 8176
2997 8176
2997 8176
2997 8176
2997 8176
2997 8176
2997 8176
2997 8176
2997 8176
2997 8176
2997 8176
2997 8176
2997 8176
2997 8176
2997 8176
2997 8176
2997 8176
2997 8176
2997 8176
2997 8176
2997 8176
2997 8176
2997 8176
2997 8176
2997 8176
