0 0
0 0
0 29790
0 29790
0 29790
0 30021
0 30021
0 30021
0 36364
0 36364
0 30375
0 30375
0 30375
0 34267
0 34267
0 34267
0 33569
0 33569
0 33569
0 35757
0 35757
0 34781
0 34781
0 34781
0 34279
0 34279
0 34279
0 34606
0 34606
0 34606
0 34235
0 34235
0 35773
0 35773
0 35773
0 35817
0 35817
0 35817
0 34478
0 34478
0 34478
0 34976
0 34976
47 40925
47 40925
47 40925
47 40925
47 32946
47 32946
47 32946
47 33559
47 33559
47 34964
47 34964
47 34964
47 35739
47 35739
47 35739
47 34539
47 34539
47 34539
47 34646
47 34646
47 34644
47 34644
47 34644
47 34504
47 34504
47 34504
47 34057
47 34057
47 34057
47 35727
47 35727
47 33621
47 33621
47 33621
47 33630
47 33630
47 33630
47 34944
47 34944
47 34944
47 34448
47 34448
47 35332
47 35332
47 35332
47 33916
47 33916
47 33916
47 34876
47 34876
47 34876
47 35264
47 35264
47 33956
47 33956
47 33956
47 34975
47 34975
47 34975
47 34787
47 34787
47 34787
47 31331
47 31331
47 36434
47 36434
47 36434
47 35905
47 35905
47 35905
47 35206
47 35206
47 35487
47 35487
47 35487
47 36075
47 36075
47 36075
47 34380
47 34380
47 34380
47 34744
47 34744
47 34304
47 34304
47 34304
47 33092
47 33092
47 33092
47 36011
47 36011
47 36011
47 33414
47 33414
47 35098
47 35098
47 35098
153 38692
153 38692
153 38692
153 38692
153 34835
153 34835
153 34835
153 35109
153 35109
153 34392
153 34392
153 34392
153 34820
153 34820
153 34820
153 34027
153 34027
153 34027
153 34250
153 34250
153 35041
153 35041
153 35041
153 35101
153 35101
153 35101
153 30914
153 30914
153 34923
153 34923
153 34923
153 35739
153 35739
153 35739
153 34556
153 34556
153 34556
153 34859
153 34859
153 30939
153 30939
153 30939
153 35695
153 35695
153 35695
153 35963
153 35963
153 35963
205 37695
205 37695
205 37695
205 34684
205 34684
205 34684
205 33674
205 33674
205 33674
205 35020
205 35020
205 35020
218 40167
218 40167
218 40167
218 33248
218 33248
218 33248
218 34601
218 34601
218 34601
218 34723
218 34723
218 35930
218 35930
218 35930
218 34332
218 34332
218 34332
218 35149
218 35149
218 35149
218 35584
218 35584
218 34964
218 34964
218 34964
218 33893
218 33893
218 33893
218 33791
218 33791
218 33791
218 33791
218 33791
218 33869
218 33869
218 33869
218 34031
218 34031
218 34031
218 34914
218 34914
218 34914
218 32793
218 32793
218 33523
218 33523
218 33523
218 35598
218 35598
218 35598
218 34126
218 34126
218 34782
218 34782
218 34782
218 34768
218 34768
218 34768
218 35426
218 35426
218 35426
218 30337
218 30337
288 36390
288 36390
288 36390
288 36390
288 35090
288 35090
288 35090
288 33699
288 33699
288 33699
288 34197
288 34197
288 35201
288 35201
288 35201
288 36152
288 36152
288 36152
307 37756
307 37756
307 37756
307 33969
307 33969
307 33969
307 32666
307 32666
307 32666
307 32892
307 32892
307 32892
307 34023
307 34023
307 33898
307 33898
307 33898
307 34591
307 34591
307 34591
307 33234
307 33234
307 33234
307 34338
307 34338
307 35363
307 35363
307 35363
307 31850
307 31850
307 31850
307 31389
307 31389
307 31389
307 34989
307 34989
307 35271
307 35271
307 35271
307 34921
307 34921
307 34921
307 33984
307 33984
307 33984
307 35929
307 35929
307 34664
307 34664
307 34664
307 35135
307 35135
307 35135
307 33496
307 33496
307 33496
307 33115
307 33115
307 34856
307 34856
307 34856
307 35281
307 35281
307 35281
307 34139
307 34139
307 33034
307 33034
307 33034
307 33637
307 33637
307 33637
307 35928
307 35928
307 35928
307 34183
307 34183
392 42150
392 42150
392 42150
392 42150
392 34280
392 34280
392 34280
392 35796
392 35796
392 35796
392 34806
392 34806
392 33698
392 33698
392 33698
392 34949
392 34949
392 34949
392 36326
392 36326
392 36326
392 36071
392 36071
392 34521
392 34521
392 34521
392 35364
392 35364
392 35364
392 35049
392 35049
392 35049
392 33539
392 33539
392 34184
392 34184
392 34184
392 34001
392 34001
392 34001
392 34416
392 34416
392 33525
392 33525
392 33525
392 33893
392 33893
392 33893
392 35263
392 35263
392 35263
392 34077
392 34077
450 39940
450 39940
450 39940
450 39940
450 33507
450 33507
450 33507
450 34193
450 34193
450 34193
450 33068
450 33068
450 33214
450 33214
450 33214
450 35526
450 35526
450 35526
450 34078
450 34078
450 34078
450 35926
450 35926
450 34429
450 34429
450 34429
450 34831
450 34831
450 34831
450 35749
450 35749
450 34525
450 34525
450 34525
450 31102
450 31102
450 31102
450 30544
450 30544
450 30544
450 35897
450 35897
450 35589
450 35589
450 35589
450 34471
450 34471
450 34471
450 35431
450 35431
450 35431
450 34807
450 34807
450 35950
450 35950
450 35950
450 33177
450 33177
450 33177
450 33168
450 33168
450 33168
450 34335
450 34335
450 33368
450 33368
450 33368
450 34774
450 34774
450 34774
450 33226
450 33226
450 33226
450 33855
450 33855
532 40435
532 40435
532 40435
532 40435
532 33068
532 33068
532 33068
539 40847
539 40847
539 40847
539 34773
539 34773
539 34773
539 36007
539 36007
539 36007
539 35078
539 35078
539 35078
539 36036
539 36036
539 34603
539 34603
539 34603
539 34926
539 34926
539 34926
539 34706
539 34706
539 34706
539 33597
539 33597
539 34845
539 34845
539 34845
539 34885
539 34885
539 34885
539 34066
539 34066
539 34066
576 37699
576 37699
576 37699
576 34059
576 34059
576 34059
576 34900
576 34900
576 34900
576 34371
576 34371
576 35019
576 35019
576 35019
576 34913
576 34913
576 34913
576 33535
576 33535
576 33535
576 35450
576 35450
576 35033
576 35033
576 35033
576 34701
576 34701
576 34701
576 33928
576 33928
576 33928
576 35207
576 35207
576 32386
576 32386
576 32386
576 35550
576 35550
576 35550
576 34370
576 34370
576 34370
576 34432
576 34432
576 34164
576 34164
576 34164
576 32711
576 32711
576 32711
576 34411
576 34411
576 32878
576 32878
576 32878
576 34016
576 34016
576 34016
576 34250
576 34250
576 34250
576 30632
576 30632
576 35597
576 35597
576 35597
576 35157
576 35157
576 35157
576 34417
576 34417
576 34417
576 34692
576 34692
576 34564
576 34564
576 34564
576 34919
576 34919
576 34919
576 33692
576 33692
576 33692
576 34527
576 34527
576 33789
576 33789
576 33789
576 33492
576 33492
576 33492
576 35855
576 35855
576 35855
576 33833
576 33833
576 34315
576 34315
576 34315
576 34417
576 34417
576 34417
576 33724
576 33724
576 33724
576 35234
576 35234
576 34069
576 34069
576 34069
576 36175
576 36175
576 36175
576 34730
576 34730
576 34730
576 35080
576 35080
576 35792
576 35792
576 35792
576 34803
576 34803
576 34803
576 35858
576 35858
576 33219
576 33219
576 33219
576 34269
576 34269
576 34269
576 34952
576 34952
576 34952
576 33810
576 33810
576 35098
576 35098
576 35098
576 35952
576 35952
576 35952
576 34603
576 34603
576 34603
576 34261
576 34261
576 34523
576 34523
576 34523
576 35253
576 35253
576 35253
745 42302
745 42302
745 42302
745 42302
745 34288
745 34288
745 33985
745 33985
745 33985
745 34514
745 34514
745 34514
745 35130
745 35130
745 34968
745 34968
745 34968
745 34700
745 34700
745 34700
745 34607
745 34607
745 34607
745 35941
745 35941
745 33763
745 33763
745 33763
745 33230
745 33230
745 33230
745 34691
745 34691
745 34691
745 34168
745 34168
745 35874
745 35874
745 35874
745 34863
745 34863
745 34863
745 34999
745 34999
745 34999
745 34783
745 34783
745 34170
745 34170
745 34170
745 35062
745 35062
745 35062
745 34600
745 34600
745 34600
745 33986
745 33986
745 34376
745 34376
745 34376
745 32351
745 32351
745 32351
745 33840
745 33840
745 33840
745 34915
745 34915
745 35126
745 35126
745 35126
745 34654
745 34654
745 34654
745 34036
745 34036
745 34803
745 34803
745 34803
745 34371
745 34371
745 34371
745 33729
745 33729
745 33729
745 34015
745 34015
745 33209
745 33209
745 33209
745 35250
745 35250
745 35250
745 33441
745 33441
745 33441
745 35594
745 35594
745 34323
745 34323
745 34323
745 35122
745 35122
745 35122
745 34670
745 34670
745 34670
745 33873
745 33873
745 35216
745 35216
745 35216
745 34839
745 34839
745 34839
745 34318
745 34318
745 34318
745 35823
745 35823
745 33872
745 33872
745 33872
745 35013
745 35013
745 35013
745 33964
745 33964
745 33964
745 34614
745 34614
745 33774
745 33774
745 33774
745 33667
745 33667
745 33667
745 35608
745 35608
745 35608
745 33921
745 33921
745 35825
745 35825
745 35825
745 34350
745 34350
745 34350
745 34171
745 34171
911 41768
911 41768
911 41768
911 41768
911 34727
911 34727
911 34727
911 30997
911 30997
911 30997
911 33392
911 33392
911 34146
911 34146
911 34146
911 33972
911 33972
911 33972
911 33763
911 33763
911 33763
911 35113
911 35113
911 34289
911 34289
911 34289
911 35646
911 35646
911 35646
911 34337
911 34337
911 34337
911 34643
911 34643
911 33684
911 33684
911 33684
911 34257
911 34257
911 34257
911 34924
911 34924
911 34829
911 34829
911 34829
911 34851
911 34851
911 34851
911 34258
911 34258
911 34258
911 34458
911 34458
911 34742
911 34742
911 34742
911 33956
911 33956
911 33956
911 34243
911 34243
911 34243
911 34438
911 34438
911 33881
911 33881
911 33881
911 34952
911 34952
911 34952
911 34414
911 34414
911 34414
911 34550
911 34550
911 35639
911 35639
911 35639
911 34363
911 34363
911 34363
911 34279
911 34279
911 34279
911 33796
911 33796
911 35093
911 35093
911 35093
911 34740
911 34740
911 34740
911 34837
911 34837
911 34837
911 34589
911 34589
911 34894
911 34894
911 34894
911 35183
911 35183
911 35183
911 34150
911 34150
911 34150
911 35526
911 35526
911 34723
911 34723
911 34723
911 35631
911 35631
911 35631
911 34629
911 34629
911 33223
911 33223
911 33223
911 35570
911 35570
911 35570
911 35128
911 35128
911 35128
911 35783
911 35783
911 33539
911 33539
911 33539
911 35237
911 35237
911 35237
911 33874
911 33874
911 33874
911 33466
911 33466
911 34405
911 34405
911 34405
911 33337
911 33337
911 33337
911 34414
911 34414
911 34414
911 35627
911 35627
911 33567
911 33567
911 33567
911 34619
911 34619
911 34619
911 34702
911 34702
911 34702
911 34271
911 34271
911 36241
911 36241
911 36241
911 34644
911 34644
911 34644
911 36020
911 36020
911 36020
911 35370
911 35370
911 30432
911 30432
911 30432
911 33685
911 33685
911 33685
911 34199
911 34199
1107 36858
1107 36858
1107 36858
1107 36858
1107 35896
1107 35896
1107 35896
1107 34613
1107 34613
1107 34613
1107 33656
1107 33656
1107 31007
1107 31007
1107 31007
1107 34686
1107 34686
1107 34686
1107 35434
1107 35434
1107 35434
1107 35344
1107 35344
1132 37949
1132 37949
1132 37949
1132 37949
1132 34438
1132 34438
1132 34438
1132 34303
1132 34303
1132 34762
1132 34762
1132 34762
1132 34285
1132 34285
1132 34285
1132 35596
1132 35596
1132 35596
1132 33601
1132 33601
1132 33608
1132 33608
1132 33608
1132 35798
1132 35798
1132 35798
1132 34053
1132 34053
1132 34053
1132 34576
1132 34576
1132 33560
1132 33560
1132 33560
1132 32885
1132 32885
1132 32885
1132 34835
1132 34835
1132 34835
1132 34439
1132 34439
1132 34814
1132 34814
1132 34814
1132 33723
1132 33723
1132 33723
1132 33502
1132 33502
1132 33502
1132 36118
1132 36118
1132 34692
1132 34692
1132 34692
1132 30704
1132 30704
1132 30704
1132 34052
1132 34052
1132 34052
1132 35442
1132 35442
1132 34988
1132 34988
1132 34988
1205 37498
1205 37498
1205 37498
1205 37498
1205 33700
1205 33700
1205 34167
1205 34167
1205 34167
1215 41654
1215 41654
1215 41654
1215 41654
1215 34222
1215 34222
1215 34222
1215 35277
1215 35277
1215 33765
1215 33765
1215 33765
1215 34582
1215 34582
1215 34582
1231 37351
1231 37351
1231 37293
1231 37293
1231 37293
1231 37293
1231 32316
1231 32316
1231 32316
1231 34161
1231 34161
1231 34161
1231 35465
1231 35465
1231 35605
1231 35605
1231 35605
1231 34418
1231 34418
1231 34418
1231 35419
1231 35419
1231 35419
1231 34889
1231 34889
1231 35490
1231 35490
1231 35490
1231 34672
1231 34672
1231 34672
1231 35328
1231 35328
1231 35328
1231 35058
1231 35058
1231 36617
1231 36617
1231 36617
1274 42460
1274 42460
1274 42460
1274 42460
1274 33842
1274 33842
1274 34445
1274 34445
1274 34445
1274 35160
1274 35160
1274 35160
1274 35599
1274 35599
1274 35599
1274 34807
1274 34807
1274 34038
1274 34038
1274 34038
1274 36538
1274 36538
1274 36538
1274 35151
1274 35151
1274 35151
1274 34881
1274 34881
1274 35099
1274 35099
1274 35099
1274 34226
1274 34226
1274 34226
1311 41594
1311 41594
1311 41594
1311 32929
1311 32929
1311 32929
1311 33736
1311 33736
1311 33736
1311 33651
1311 33651
1311 33651
1311 35380
1311 35380
1311 34094
1311 34094
1311 34094
1311 33186
1311 33186
1311 33186
1311 33903
1311 33903
1311 33903
1311 33989
1311 33989
1311 34414
1311 34414
1311 34414
1311 34986
1311 34986
1311 34986
1311 35037
1311 35037
1311 35037
1311 34893
1311 34893
1311 33970
1311 33970
1311 33970
1311 34770
1311 34770
1311 34770
1311 35012
1311 35012
1311 35012
1311 35360
1311 35360
1363 40882
1363 40882
1363 40882
1363 40882
1363 33712
1363 33712
1363 33712
1363 34837
1363 34837
1363 33986
1363 33986
1363 33986
1363 34587
1363 34587
1363 34587
1363 33917
1363 33917
1363 33917
1363 35292
1363 35292
1363 34029
1363 34029
1363 34029
1363 33344
1363 33344
1363 33344
1363 35805
1363 35805
1363 35805
1363 34124
1363 34124
1363 36189
1363 36189
1363 36189
1363 34095
1363 34095
1363 34095
1363 34790
1363 34790
1363 34790
1363 35060
1363 35060
1363 34055
1363 34055
1363 34055
1363 35008
1363 35008
1363 35008
1363 33264
1363 33264
1363 33264
1363 34839
1363 34839
1421 41044
1421 41044
1421 41044
1421 41044
1421 33613
1421 33613
1421 33613
1421 35176
1421 35176
1421 31491
1421 31491
1421 31491
1421 30146
1421 30146
1421 30146
1437 36699
1437 36699
1437 36699
1437 36699
1437 34233
1437 34233
1437 33487
1437 33487
1437 33487
1437 32773
1437 32773
1437 32773
1437 34620
1437 34620
1437 34620
1437 33449
1437 33449
1437 35484
1437 35484
1437 35484
1437 35709
1437 35709
1437 35709
1437 35437
1437 35437
1437 36007
1437 36007
1437 36007
1437 34929
1437 34929
1437 34929
1437 35743
1437 35743
1437 35743
1437 34086
1437 34086
1437 34664
1437 34664
1437 34664
1437 33951
1437 33951
1437 33951
1437 33601
1437 33601
1437 33601
1437 33101
1437 33101
1437 34466
1437 34466
1437 34466
1437 35966
1437 35966
1437 35966
1437 34063
1437 34063
1437 34063
1437 34279
1437 34279
1501 39706
1501 39706
1501 39706
1501 39706
1501 34735
1501 34735
1501 34735
1501 33913
1501 33913
1501 34132
1501 34132
1501 34132
1514 41806
1514 41806
1514 41806
1514 41806
1514 33917
1514 33917
1514 33917
1514 34615
1514 34615
1514 33472
1514 33472
1514 33472
1514 33647
1514 33647
1514 33647
1514 34556
1514 34556
1514 34556
1514 34231
1514 34231
1514 34183
1514 34183
1514 34183
1514 34573
1514 34573
1514 34573
1514 34496
1514 34496
1514 34496
1514 34330
1514 34330
1514 34657
1514 34657
1514 34657
1514 34590
1514 34590
1514 34590
1554 37304
1554 37304
1554 37304
1554 33261
1554 33261
1554 33261
1554 34043
1554 34043
1554 34043
1554 35508
1554 35508
1554 35508
1554 34095
1554 34095
1554 33518
1554 33518
1554 33518
1554 34111
1554 34111
1554 34111
1554 36807
1554 36807
1554 36807
1554 34005
1554 34005
1554 32574
1554 32574
1554 32574
1554 33570
1554 33570
1554 33570
1554 35447
1554 35447
1554 35447
1554 34694
1554 34694
1594 42363
1594 42363
1594 42363
1594 42363
1594 33098
1594 33098
1594 33098
1594 35365
1594 35365
1594 33432
1594 33432
1594 33432
1594 36366
1594 36366
1594 36366
1594 31955
1594 31955
1594 31955
1594 32623
1594 32623
1594 34897
1594 34897
1594 34897
1594 34335
1594 34335
1594 34335
1594 34630
1594 34630
1594 34630
1594 33313
1594 33313
1594 32804
1594 32804
1594 32804
1594 34729
1594 34729
1594 34729
1594 33999
1594 33999
1594 33999
1594 35249
1594 35249
1640 38068
1640 38068
1640 38068
1640 38068
1640 33789
1640 33789
1640 33789
1640 33740
1640 33740
1640 33280
1640 33280
1640 33280
1640 34597
1640 34597
1640 34597
1640 34729
1640 34729
1640 34729
1640 35886
1640 35886
1640 34719
1662 5215
1662 5215
1662 5215
1662 34297
1662 34297
1662 34297
1662 33841
1662 33841
1662 33841
1662 34039
1662 34039
1662 34610
1662 34610
1662 34610
1662 33861
1662 33861
1662 33861
1662 34125
1662 34125
1662 34125
1662 33495
1662 33495
1662 34283
1662 34283
1662 34283
1662 35360
1662 35360
1662 35360
1662 34016
1662 34016
1662 34939
1662 34939
1662 34939
1662 35424
1662 35424
1662 35424
1662 36209
1662 36209
1662 36209
1662 35742
1662 35742
1662 34373
1662 34373
1662 34373
1662 35522
1662 35522
1662 35522
1662 34633
1662 34633
1662 34633
1662 35031
1662 35031
1662 34581
1662 34581
1662 34581
1662 33919
1662 33919
1662 33919
1662 35634
1662 35634
1662 35634
1662 34513
1662 34513
1662 35322
1662 35322
1662 35322
1662 35409
1662 35409
1662 35409
1662 33508
1662 33508
1662 33508
1662 34628
1662 34628
1662 33944
1662 33944
1662 33944
1662 36222
1662 36222
1662 36222
1662 34013
1662 34013
1662 34013
1662 34754
1662 34754
1662 35027
1662 35027
1662 35027
1662 35469
1662 35469
1662 35469
1662 31229
1662 31229
1765 39940
1765 39940
1765 39940
1765 39940
1769 40324
1769 40324
1769 40324
1769 40324
1769 30694
1769 30694
1769 30694
1769 35623
1769 35623
1769 33592
1769 33592
1769 33592
1769 35324
1769 35324
1769 35324
1769 34858
1769 34858
1788 42102
1788 42102
1788 42102
1788 42102
1788 32905
1788 32905
1788 32905
1788 34328
1788 34328
1788 34328
1788 34138
1788 34138
1788 33060
1788 33060
1788 33060
1788 33475
1788 33475
1788 33475
1788 35852
1788 35852
1788 35852
1788 34667
1788 34667
1813 38586
1813 38586
1813 38586
1813 38586
1813 33653
1813 33653
1813 33653
1813 34339
1813 34339
1813 33324
1813 33324
1813 33324
1813 35122
1813 35122
1813 35122
1813 36039
1813 36039
1813 36039
1813 31723
1813 31723
1813 34649
1813 34649
1813 34649
1813 33273
1813 33273
1813 33273
1813 34697
1813 34697
1813 34697
1813 33825
1813 33825
1813 34394
1813 34394
1813 34394
1813 35539
1813 35539
1813 35539
1813 33057
1813 33057
1813 33057
1813 35755
1813 35755
1813 33028
1813 33028
1813 33028
1813 32968
1813 32968
1813 32968
1813 32812
1813 32812
1813 32812
1813 33389
1813 33389
1813 36157
1813 36157
1813 36157
1813 35093
1813 35093
1813 35093
1813 34321
1813 34321
1813 34321
1813 34960
1813 34960
1813 34282
1813 34282
1813 34282
1813 34628
1813 34628
1813 34628
1813 34690
1813 34690
1813 37014
1813 37014
1813 37014
1813 30767
1813 30767
1813 30767
1813 36079
1813 36079
1813 36079
1813 35565
1813 35565
1813 35325
1813 35325
1813 35325
1813 35555
1813 35555
1813 35555
1813 33691
1813 33691
1813 33691
1813 36025
1813 36025
1813 33556
1813 33556
1813 33556
1813 32326
1813 32326
1813 32326
1813 35018
1813 35018
1813 35018
1813 34113
1813 34113
1813 35850
1813 35850
1813 35850
1813 34189
1813 34189
1813 34189
1813 33631
1813 33631
1813 33631
1813 35277
1813 35277
1813 34196
1813 34196
1813 34196
1813 30852
1813 30852
1813 30852
1813 31054
1813 31054
1813 31054
1813 30092
1813 30092
1813 31904
1813 31904
1813 31904
1813 32970
1813 32970
1813 32970
1813 34299
1813 34299
1813 33665
1813 33665
1813 33665
1813 34024
1813 34024
1813 34024
1813 35435
1813 35435
1813 35435
1813 36116
1813 36116
1973 39311
1973 39311
1973 39311
1973 39311
1973 33277
1973 33277
1973 33277
1973 34354
1973 34354
1973 34354
1973 33462
1973 33462
1973 33966
1973 33966
1973 33966
1973 33674
1973 33674
1973 33674
1973 33567
1973 33567
1973 33567
1973 34780
1973 34780
1973 33406
1973 33406
1973 33406
1973 34071
1973 34071
1973 34071
1973 34777
1973 34777
1973 34777
1973 34069
1973 34069
1973 36003
1973 36003
1973 36003
1973 35767
1973 35767
1973 35767
1973 35847
1973 35847
1973 34960
1973 34960
1973 34960
1973 34694
1973 34694
1973 34694
1973 35471
1973 35471
1973 35471
1973 34871
1973 34871
1973 35713
1973 35713
1973 35713
1973 34161
1973 34161
1973 34161
1973 33975
1973 33975
1973 33975
2040 37776
2040 37776
2040 37776
2040 33182
2040 33182
2040 33182
2040 35517
2040 35517
2040 35517
2040 35634
2040 35634
2040 35634
2040 34567
2040 34567
2040 33237
2040 33237
2040 33237
2040 34572
2040 34572
2040 34572
2040 34418
2040 34418
2040 35947
2040 35947
2040 35947
2040 35561
2040 35561
2040 35561
2040 34805
2040 34805
2040 34805
2040 34891
2040 34891
2040 33628
2040 33628
2040 33628
2040 33175
2040 33175
2040 33175
2040 34775
2040 34775
2040 34775
2040 37123
2040 37123
2040 33725
2040 33725
2040 33725
2040 33767
2040 33767
2040 33767
2040 32589
2040 32589
2040 32589
2040 34597
2040 34597
2040 33714
2040 33714
2040 33714
2040 35339
2040 35339
2040 35339
2040 33226
2040 33226
2040 33226
2040 34797
2040 34797
2040 31085
2040 31085
2040 31085
2040 35555
2040 35555
2040 35555
2040 35935
2040 35935
2040 35935
2040 35414
2040 35414
2040 35036
2040 35036
2040 35036
2040 35546
2040 35546
2040 35546
2040 33730
2040 33730
2040 33730
2040 35357
2040 35357
2137 39171
2137 39171
2137 39171
2137 39171
2137 33285
2137 33285
2137 33285
2137 35201
2137 35201
2137 35459
2137 35459
2137 35459
2137 33770
2137 33770
2137 33770
2153 37311
2153 37311
2153 37311
2153 37311
2153 33704
2153 33704
2153 33472
2153 33472
2153 33472
2163 42203
2163 42203
2163 42203
2163 42203
2163 32967
2163 32967
2163 36855
2163 36855
2163 36855
2163 32670
2163 32670
2163 32670
2163 36283
2163 36283
2163 36283
2163 32966
2163 32966
2163 32909
2163 32909
2163 32909
2163 34584
2163 34584
2163 34584
2163 34943
2163 34943
2163 34943
2163 35105
2163 35105
2163 35373
2163 35373
2163 35373
2163 34039
2163 34039
2163 34039
2163 35332
2163 35332
2163 35332
2163 35113
2163 35113
2163 34364
2163 34364
2163 34364
2163 32985
2163 32985
2163 32985
2163 33550
2163 33550
2163 33936
2163 33936
2163 33936
2163 34269
2163 34269
2163 34269
2163 35319
2163 35319
2163 35319
2163 34737
2163 34737
2163 34909
2163 34909
2163 34909
2163 35181
2163 35181
2163 35181
2163 33081
2163 33081
2163 33081
2163 34317
2163 34317
2163 33449
2163 33449
2163 33449
2163 34510
2163 34510
2163 34510
2163 34348
2163 34348
2163 34348
2163 34083
2163 34083
2163 35124
2163 35124
2163 35124
2163 35311
2163 35311
2163 35311
2163 35233
2163 35233
2163 35233
2163 34344
2163 34344
2163 33861
2163 33861
2163 33861
2163 35251
2163 35251
2163 35251
2163 34878
2163 34878
2163 34878
2163 35421
2163 35421
2163 33916
2163 33916
2163 33916
2163 35416
2163 35416
2163 35416
2163 34837
2163 34837
2163 37239
2163 37239
2163 37239
2163 33961
2163 33961
2163 33961
2163 33182
2163 33182
2163 33182
2163 36228
2163 36228
2163 34746
2163 34746
2163 34746
2163 34965
2163 34965
2163 34965
2163 35571
2163 35571
2163 35571
2163 33663
2163 33663
2163 34214
2163 34214
2163 34214
2163 34380
2163 34380
2163 34380
2163 34821
2163 34821
2163 34821
2163 34009
2163 34009
2163 34837
2163 34837
2163 34837
2163 33436
2163 33436
2163 33436
2163 33600
2163 33600
2163 33600
2163 34729
2163 34729
2163 34770
2163 34770
2163 34770
2163 34335
2163 34335
2163 34335
2163 35137
2163 35137
2163 35137
2163 34093
2163 34093
2163 35360
2163 35360
2163 35360
2163 34677
2163 34677
2163 34677
2163 34804
2163 34804
2163 34804
2163 34037
2163 34037
2163 33822
2163 33822
2163 33822
2163 35607
2163 35607
2163 35607
2163 34895
2163 34895
2163 34201
2163 34201
2163 34201
2163 34956
2163 34956
2163 34956
2163 33457
2163 33457
2163 33457
2163 34828
2163 34828
2163 33477
2163 33477
2163 33477
2163 34908
2163 34908
2163 34908
2163 34661
2163 34661
2163 34661
2163 33699
2163 33699
2163 34743
2163 34743
2163 34743
2163 34306
2163 34306
2163 34306
2163 35114
2163 35114
2163 35114
2163 33467
2163 33467
2163 35093
2163 35093
2163 35093
2163 34955
2163 34955
2163 34955
2163 33908
2163 33908
2163 33908
2163 35517
2163 35517
2163 34242
2163 34242
2163 34242
2163 34713
2163 34713
2163 34713
2163 33951
2163 33951
2163 33951
2163 33702
2163 33702
2163 35577
2163 35577
2163 35577
2163 34502
2163 34502
2163 34502
2163 35744
2163 35744
2163 33780
2163 33780
2163 33780
2163 34943
2163 34943
2163 34943
2163 34674
2163 34674
2163 34674
2163 35698
2163 35698
2446 43007
2446 43007
2446 43007
2446 43007
2446 32956
2446 32956
2446 32956
2446 33984
2446 33984
2446 33984
2446 32328
2446 32328
2446 33884
2446 33884
2446 33884
2446 34849
2446 34849
2446 34849
2446 34043
2446 34043
2446 34043
2446 35797
2446 35797
2446 35221
2446 35221
2446 35221
2446 35833
2446 35833
2446 35833
2446 35130
2446 35130
2446 34955
2446 34955
2446 34955
2446 34000
2446 34000
2446 34000
2446 34189
2446 34189
2446 34189
2446 35077
2446 35077
2446 33970
2446 33970
2446 33970
2446 33014
2446 33014
2446 33014
2446 34998
2446 34998
2446 34998
2446 34210
2446 34210
2446 34118
2446 34118
2446 34118
2446 32426
2446 32426
2446 32426
2446 33443
2446 33443
2446 33443
2446 34400
2446 34400
2446 34193
2446 34193
2446 34193
2446 35625
2446 35625
2446 35625
2446 33710
2446 33710
2446 33710
2446 34103
2446 34103
2446 35074
2446 35074
2446 35074
2446 33820
2446 33820
2446 33820
2446 35932
2446 35932
2446 35932
2446 34234
2446 34234
2446 35283
2446 35283
2446 35283
2446 34554
2446 34554
2446 34554
2446 33100
2446 33100
2446 34769
2446 34769
2446 34769
2446 33761
2446 33761
2446 33761
2555 45150
2555 45150
2555 45150
2555 45150
2555 34900
2555 34900
2555 34512
2555 34512
2555 34512
2555 32775
2555 32775
2555 32775
2568 40879
2568 40879
2568 40879
2568 35414
2568 35414
2568 35414
2568 33947
2568 33947
2568 33947
2568 35876
2568 35876
2568 35876
2568 35128
2568 35128
2568 34906
2568 34906
2568 34906
2568 35125
2568 35125
2568 35125
2568 34178
2568 34178
2568 34178
2568 35995
2568 35995
2568 33996
2568 33996
2568 33996
2568 34954
2568 34954
2568 34954
2568 33119
2568 33119
2568 33119
2568 34505
2568 34505
2568 33949
2568 33949
2568 33949
2568 33696
2568 33696
2568 33696
2568 30573
2568 30573
2568 30573
2568 34545
2568 34545
2568 34698
2568 34698
2568 34698
2568 35155
2568 35155
2568 35155
2626 40826
2626 40826
2626 40826
2626 31930
2626 31930
2626 31930
2626 34976
2626 34976
2626 34976
2626 36687
2626 36687
2626 36687
2626 32426
2626 32426
2626 33490
2626 33490
2626 33490
2626 33093
2626 33093
2626 33093
2626 33417
2626 33417
2626 33417
2626 33656
2626 33656
2626 33762
2626 33762
2626 33762
2626 34260
2626 34260
2626 34260
2626 34289
2626 34289
2626 34289
2626 34005
2626 34005
2626 35842
2626 35842
2626 35842
2626 35282
2626 35282
2626 35282
2626 32282
2626 32282
2626 32282
2626 32357
2626 32357
2626 33609
2626 33609
2626 33609
2626 33968
2626 33968
2626 33968
2626 34047
2626 34047
2626 34541
2626 34541
2626 34541
2626 33323
2626 33323
2626 33323
2626 33397
2626 33397
2626 33397
2626 33913
2626 33913
2626 33427
2626 33427
2626 33427
2626 34840
2626 34840
2626 34840
2626 34470
2626 34470
2626 34470
2626 34745
2626 34745
2626 36091
2626 36091
2626 36091
2626 36787
2626 36787
2626 36787
2626 35197
2626 35197
2626 35197
2626 34010
2626 34010
2626 34751
2626 34751
2626 34751
2626 33236
2626 33236
2626 33236
2626 33799
2626 33799
2626 33799
2626 35018
2626 35018
2626 34703
2626 34703
2626 34703
2626 35106
2626 35106
2626 35106
2626 33775
2626 33775
2626 33775
2626 35820
2626 35820
2626 33811
2626 33811
2626 33811
2626 34152
2626 34152
2626 34152
2626 33000
2626 33000
2626 33000
2626 33496
2626 33496
2626 34110
2626 34110
2626 34110
2626 32807
2626 32807
2626 32807
2626 33422
2626 33422
2626 34101
2626 34101
2626 34101
2626 33840
2626 33840
2626 33840
2626 34642
2626 34642
2626 34642
2626 34075
2626 34075
2626 34099
2626 34099
2626 34099
2626 34460
2626 34460
2626 34460
2626 33672
2626 33672
2626 33672
2626 34175
2626 34175
2626 34627
2626 34627
2626 34627
2626 35281
2626 35281
2626 35281
2626 31108
2626 31108
2626 31108
2626 32799
2626 32799
2626 34574
2626 34574
2626 34574
2626 33207
2626 33207
2626 33207
2626 36060
2626 36060
2626 36060
2626 34295
2626 34295
2626 34271
2626 34271
2626 34271
2626 34881
2626 34881
2626 34881
2626 34667
2626 34667
2626 34667
2626 36022
2626 36022
2626 33935
2626 33935
2626 33935
2626 34633
2626 34633
2626 34633
2626 35901
2626 35901
2626 33911
2626 33911
2626 33911
2626 35740
2626 35740
2626 35740
2626 34625
2626 34625
2626 34625
2626 34949
2626 34949
2626 35317
2626 35317
2626 35317
2626 33327
2626 33327
2626 33327
2626 34944
2626 34944
2626 34944
2626 34289
2626 34289
2626 30834
2626 30834
2626 30834
2626 34558
2626 34558
2626 34558
2626 34957
2626 34957
2626 34957
2626 35935
2626 35935
2626 35476
2626 35476
2626 35476
2626 35973
2626 35973
2626 35973
2626 33853
2626 33853
2626 33853
2626 33970
2626 33970
2626 34067
2626 34067
2626 34067
2626 33965
2626 33965
2626 33965
2626 35250
2626 35250
2626 35250
2626 33623
2626 33623
2626 34911
2626 34911
2626 34911
2626 33429
2626 33429
2626 33429
2626 33318
2626 33318
2626 35033
2626 35033
2626 35033
2626 35418
2626 35418
2626 35418
2626 34125
2626 34125
2626 34125
2626 35494
2626 35494
2626 34190
2626 34190
2626 34190
2626 35782
2626 35782
2626 35782
2626 35825
2626 35825
2924 35825
2924 36957
2924 36957
2924 35551
2924 35551
2924 35551
2924 34038
2924 34038
2924 34038
2924 34954
2924 34954
2924 34954
2924 34336
2924 34336
2924 35171
2924 35171
2924 35171
2924 33564
2924 33564
2924 33564
2924 35263
2924 35263
2924 35263
2924 34167
2924 34167
2924 33417
2924 33417
2924 33417
2924 34979
2924 34979
2924 34979
2924 33839
2924 33839
2924 33839
2924 34830
2924 34830
2924 33945
2924 33945
2924 33945
2924 33194
2924 33194
2924 33194
2924 34321
2924 34321
2924 34226
2924 34226
2924 34226
2924 35995
2924 35995
2924 35995
2924 35411
2924 35411
2924 35411
2924 34621
2924 34621
2924 34915
2924 34915
2924 34915
2924 36770
2924 36770
2924 36770
2924 33154
2924 33154
2924 33154
2924 32288
2924 32288
2924 35270
2924 35270
2924 35270
2924 33152
2924 33152
2924 33152
2924 34319
2924 34319
2924 34319
2924 36364
2924 36364
2924 30668
2924 30668
2924 30668
2924 31727
2924 31727
2924 31727
2924 31846
2924 31846
2924 31846
2924 34000
2924 34000
2924 35459
2924 35459
2924 35459
2924 35371
2924 35371
2924 35371
2924 34043
2924 34043
2924 34043
2924 32719
2924 32719
2924 32895
2924 32895
2924 32895
2924 34763
2924 34763
2924 34763
2924 34915
2924 34915
2924 36469
2924 36469
2924 36469
2924 34760
2924 34760
2924 34760
2924 33879
2924 33879
2924 33879
3053 42437
3053 42437
3053 42437
3053 32947
3053 32947
3053 32947
3053 34944
3053 34944
3053 34944
3053 34353
3053 34353
3053 34353
3053 35562
3053 35562
3053 35245
3053 35245
3053 35245
3053 34463
3053 34463
3053 34463
3053 35038
3053 35038
3053 35038
3053 34244
3053 34244
3053 35793
3053 35793
3053 35793
3053 33838
3053 33838
3053 33838
3053 34848
3053 34848
3053 34848
3053 34009
3053 34009
3053 35850
3053 35850
3053 35850
3053 34989
3053 34989
3053 34989
3053 34085
3053 34085
3053 36129
3053 36129
3053 36129
3053 36378
3053 36378
3053 36378
3053 34530
3053 34530
3053 34530
3053 34722
3053 34722
3053 34690
3053 34690
3053 34690
3053 34360
3053 34360
3053 34360
3053 34217
3053 34217
3053 34217
3053 34141
3053 34141
3053 30583
3053 30583
3053 30583
3053 35339
3053 35339
3053 35339
3053 35834
3053 35834
3053 35834
3053 35476
3053 35476
3138 40893
3138 40893
3138 40893
3138 40893
3138 33851
3138 33851
3138 33851
3138 35663
3138 35663
3138 34378
3138 34378
3138 34378
3138 35351
3138 35351
3138 35351
3138 35417
3138 35417
3138 35417
3138 35122
3138 35122
3138 35477
3138 35477
3138 35477
3138 33375
3138 33375
3138 33375
3138 34229
3138 34229
3138 34229
3138 35170
3138 35170
3138 34388
3138 34388
3138 34388
3138 35748
3138 35748
3138 35748
3138 34011
3138 34011
3138 34011
3138 33841
3138 33841
3138 34387
3138 34387
3138 34387
3138 34092
3138 34092
3138 34092
3138 33789
3138 33789
3138 33789
3138 34133
3138 34133
3138 33934
3138 33934
3138 33934
3138 35439
3138 35439
3138 35439
3138 34318
3138 34318
3138 34318
3138 35783
3138 35783
3138 34401
3138 34401
3138 34401
3138 35344
3138 35344
3138 35344
3138 33647
3138 33647
3138 33324
3138 33324
3138 33324
3138 33348
3138 33348
3138 33348
3138 34996
3138 34996
3138 34996
3138 34021
3138 34021
3138 33721
3138 33721
3138 33721
3138 35406
3138 35406
3138 35406
3138 35158
3138 35158
3138 35158
3138 34789
3138 34789
3241 38583
3241 38583
3241 38583
3241 38583
3241 34435
3241 34435
3241 34435
3241 35478
3241 35478
3241 35478
3241 33630
3241 33630
3241 34818
3241 34818
3241 34818
3241 33237
3241 33237
3241 33237
3260 37500
3260 37500
3260 37500
3260 30732
3260 30732
3260 30732
3260 33396
3260 33396
3260 33396
3260 34909
3260 34909
3260 34909
3260 33216
3260 33216
3260 35907
3260 35907
3260 35907
3260 33931
3260 33931
3260 33931
3260 33027
3260 33027
3260 33027
3260 35369
3260 35369
3260 34376
3260 34376
3260 34376
3260 35086
3260 35086
3260 35086
3260 33268
3260 33268
3260 33268
3260 33150
3260 33150
3260 35435
3260 35435
3260 35435
3260 35397
3260 35397
3260 35397
3260 36118
3260 36118
3260 36118
3260 34603
3260 34603
3260 35077
3260 35077
3260 35077
3260 34686
3260 34686
3260 34686
3260 34691
3260 34691
3260 35580
3260 35580
3260 35580
3260 34078
3260 34078
3260 34078
3260 34939
3260 34939
3260 34939
3260 33560
3260 33560
3260 33968
3260 33968
3260 33968
3260 30696
3260 30696
3260 30696
3260 35814
3260 35814
3260 35814
3260 35020
3260 35020
3260 33216
3260 33216
3260 33216
3260 34229
3260 34229
3260 34229
3260 34754
3260 34754
3260 34754
3260 34139
3260 34139
3260 35939
3260 35939
3260 35939
3260 34283
3260 34283
3260 34283
3260 34636
3260 34636
3260 34636
3260 35138
3260 35138
3260 33794
3260 33794
3260 33794
3260 34619
3260 34619
3260 34619
3260 35386
3260 35386
3260 35386
3260 33119
3260 33119
3260 33198
3260 33198
3260 33198
3260 33572
3260 33572
3260 33572
3260 34914
3260 34914
3260 34993
3260 34993
3260 34993
3260 35562
3260 35562
3260 35562
3260 33368
3260 33368
3260 33368
3260 34308
3260 34308
3260 34750
3260 34750
3260 34750
3260 34512
3260 34512
3260 34512
3260 35099
3260 35099
3260 35099
3411 41545
3411 41545
3411 41545
3411 34255
3411 34255
3411 34255
3411 33376
3411 33376
3411 33376
3411 33222
3411 33222
3411 33222
3411 34475
3411 34475
3411 34044
3411 34044
3411 34044
3411 35118
3411 35118
3411 35118
3411 33543
3411 33543
3411 33340
3411 33340
3411 33340
3411 35499
3411 35499
3411 35499
3411 34406
3411 34406
3411 34406
3411 35565
3411 35565
3411 34430
3411 34430
3411 34430
3411 34880
3411 34880
3411 34880
3411 34926
3411 34926
3411 34926
3411 33195
3411 33195
3411 34543
3411 34543
3411 34543
3411 34659
3411 34659
3411 34659
3411 33965
3411 33965
3411 33965
3411 32797
3411 32797
3411 34602
3411 34602
3411 34602
3411 33696
3411 33696
3411 33696
3411 33721
3411 33721
3411 33721
3411 34924
3411 34924
3411 33981
3411 33981
3411 33981
3411 33399
3411 33399
3411 33399
3411 34685
3411 34685
3411 34685
3411 33651
3411 33651
3411 34812
3411 34812
3411 34812
3411 33658
3411 33658
3411 33658
3411 34276
3411 34276
3411 34107
3411 34107
3411 34107
3411 33262
3411 33262
3411 33262
3411 36202
3411 36202
3411 36202
3411 36043
3411 36043
3411 35340
3411 35340
3411 35340
3411 33041
3411 33041
3411 33041
3411 33078
3411 33078
3411 33078
3411 35246
3411 35246
3411 35620
3411 35620
3411 35620
3411 35468
3411 35468
3411 35468
3411 34118
3411 34118
3411 34118
3411 34159
3411 34159
3411 35594
3411 35594
3411 35594
3411 35013
3411 35013
3411 35013
3411 35108
3411 35108
3411 35108
3411 34581
3411 34581
3411 35007
3411 35007
3411 35007
3411 34187
3411 34187
3411 34187
3411 30147
3411 30147
3411 30147
3562 38416
3562 38416
3562 38416
3562 33351
3562 33351
3562 33351
3562 33990
3562 33990
3562 33990
3562 33548
3562 33548
3562 35299
3562 35299
3562 35299
3562 33442
3562 33442
3562 33442
3562 34259
3562 34259
3562 34259
3562 34347
3562 34347
3562 34610
3562 34610
3562 34610
3562 34321
3562 34321
3562 34321
3562 32725
3562 32725
3562 32725
3562 32938
3562 32938
3562 34287
3562 34287
3562 34287
3562 33111
3562 33111
3562 33111
3562 34469
3562 34469
3562 34469
3562 34877
3562 34877
3562 36676
3562 36676
3562 36676
3562 35261
3562 35261
3562 35261
3562 34744
3562 34744
3562 34744
3562 34995
3562 34995
3562 33975
3562 33975
3562 33975
3562 35370
3562 35370
3562 35370
3562 34254
3562 34254
3562 30347
3562 30347
3562 30347
3562 34882
3562 34882
3562 34882
3562 35160
3562 35160
3562 35160
3562 35968
3562 35968
3562 34998
3562 34998
3562 34998
3562 34902
3562 34902
3562 34902
3562 33893
3562 33893
3562 33893
3562 33750
3562 33750
3562 34918
3562 34918
3562 34918
3562 33881
3562 33881
3562 33881
3562 34747
3562 34747
3562 34747
3562 33566
3562 33566
3562 32873
3562 32873
3562 32873
3562 34873
3562 34873
3562 34873
3562 33316
3562 33316
3562 33316
3562 34868
3562 34868
3562 34687
3562 34687
3562 34687
3562 34745
3562 34745
3562 34745
3562 35098
3562 35098
3562 35098
3562 34337
3562 34337
3562 35364
3562 35364
3562 35364
3562 33820
3562 33820
3562 33820
3562 33921
3562 33921
3562 33919
3562 33919
3562 33919
3562 34189
3562 34189
3562 34189
3562 35020
3562 35020
3562 35020
3562 33930
3562 33930
3562 34603
3562 34603
3562 34603
3562 33902
3562 33902
3562 33902
3562 34326
3562 34326
3562 34326
3562 35967
3562 35967
3562 34864
3562 34864
3562 34864
3562 38098
3562 38098
3562 38098
3562 33315
3562 33315
3562 33315
3562 32938
3562 32938
3562 33530
3562 33530
3562 33530
3562 33104
3562 33104
3562 33104
3562 35505
3562 35505
3562 35505
3562 33577
3562 33577
3562 34003
3562 34003
3562 34003
3562 33828
3562 33828
3562 33828
3562 33615
3562 33615
3562 33615
3562 35929
3562 35929
3562 35001
3562 35001
3562 35001
3562 36019
3562 36019
3562 36019
3562 30862
3562 30862
3562 33574
3562 33574
3562 33574
3562 33765
3562 33765
3562 33765
3562 33098
3562 33098
3562 33098
3562 33928
3562 33928
3562 33803
3562 33803
3562 33803
3562 33475
3562 33475
3562 33475
3562 34908
3562 34908
3562 34908
3562 33546
3562 33546
3562 34166
3562 34166
3562 34166
3562 34264
3562 34264
3562 34264
3562 35095
3562 35095
3562 35095
3562 34791
3562 34791
3562 33186
3562 33186
3562 33186
3562 35876
3562 35876
3562 35876
3562 33804
3562 33804
3562 33804
3562 30875
3562 30875
3562 35082
3562 35082
3562 35082
3562 35122
3562 35122
3562 35122
3562 35475
3562 35475
3562 35475
3562 33512
3562 33512
3562 34962
3562 34962
3562 34962
3562 32692
3562 32692
3562 32692
3562 33548
3562 33548
3562 34770
3562 34770
3562 34770
3562 35025
3562 35025
3562 35025
3562 35853
3562 35853
3562 35853
3562 34015
3562 34015
3562 33919
3562 33919
3562 33919
3562 34939
3562 34939
3562 34939
3562 34487
3562 34487
3562 34487
3562 36275
3562 36275
3562 33930
3562 33930
3562 33930
3562 35753
3562 35753
3562 35753
3562 36009
3562 36009
3562 36009
3562 30158
3562 30158
3562 32828
3562 32828
3562 32828
3562 33519
3562 33519
3562 33519
3562 33360
3562 33360
3562 33360
3884 39079
3884 39079
3884 39079
3884 33878
3884 33878
3884 33878
3884 33927
3884 33927
3884 33927
3894 39425
3894 39425
3894 39425
3894 32213
3894 32213
3894 32213
3894 33586
3894 33586
3894 33586
3894 34037
3894 34037
3894 34037
3894 33838
3894 33838
3894 34301
3894 34301
3894 34301
3894 34602
3894 34602
3894 34602
3894 34176
3894 34176
3894 34176
3894 35538
3894 35538
3894 34289
3894 34289
3894 34289
3894 35576
3894 35576
3894 35576
3894 34220
3894 34220
3894 34220
3894 33778
3894 33778
3894 33751
3894 33751
3894 33751
3894 33546
3894 33546
3894 33546
3894 34130
3894 34130
3894 34040
3894 34040
3894 34040
3894 34381
3894 34381
3894 34381
3894 35981
3894 35981
3894 35981
3894 31152
3894 31152
3894 35268
3894 35268
3894 35268
3894 34927
3894 34927
3894 34927
3894 33999
3894 33999
3894 33999
3894 34555
3894 34555
3894 34419
3894 34419
3894 34419
3894 34676
3894 34676
3894 34676
3894 35076
3894 35076
3894 35076
3894 34729
3894 34729
3894 34372
3894 34372
3894 34372
3894 33079
3894 33079
3894 33079
3894 34920
3894 34920
3894 34920
3894 33957
3894 33957
3894 34203
3894 34203
3894 34203
3894 33938
3894 33938
3894 33938
3894 35139
3894 35139
3894 35139
4000 40646
4000 40646
4000 40646
4000 36516
4000 36516
4000 36516
4000 34722
4000 34722
4000 34722
4000 32305
4000 32305
4000 34724
4000 34724
4000 34724
4000 33705
4000 33705
4000 33705
4019 37805
4019 37805
4019 37805
4019 37805
4019 33447
4019 33447
4019 34962
4019 34962
4019 34962
4019 34305
4019 34305
4019 34305
4019 34200
4019 34200
4019 35965
4019 35965
4019 35965
4019 33149
4019 33149
4019 33149
4019 35806
4019 35806
4019 35806
4019 35039
4019 35039
4019 34787
4019 34787
4019 34787
4019 34841
4019 34841
4019 34841
4019 34217
4019 34217
4019 34217
4019 35860
4019 35860
4019 34091
4019 34091
4019 34091
4062 39567
4062 39567
4062 39567
4062 39567
4062 34222
4062 34222
4062 34222
4062 34131
4062 34131
4062 34838
4062 34838
4062 34838
4062 35232
4062 35232
4062 35232
4062 35749
4062 35749
4062 33520
4062 33520
4062 33520
4062 35246
4062 35246
4062 35246
4062 33001
4062 33001
4062 33001
4062 33997
4062 33997
4062 34510
4062 34510
4062 34510
4062 33395
4062 33395
4062 33395
4062 34366
4062 34366
4062 34366
4062 36437
4062 36437
4062 29513
4062 29513
4062 29513
4062 33304
4062 33304
4062 33304
4062 35387
4062 35387
4062 35387
4062 35397
4062 35397
4062 34112
4062 34112
4062 34112
4062 33947
4062 33947
4062 33947
4062 35148
4062 35148
4062 35148
4062 34330
4062 34330
4062 35528
4062 35528
4062 35528
4062 33720
4062 33720
4062 33720
4062 33875
4062 33875
4062 33875
4062 33180
4062 33180
4062 33415
4062 33415
4062 33415
4062 33864
4062 33864
4062 33864
4062 32943
4062 32943
4062 32943
4062 34372
4062 34372
4062 33824
4062 33824
4062 33824
4062 33877
4062 33877
4062 33877
4062 34943
4062 34943
4062 33811
4062 33811
4062 33811
4062 34823
4062 34823
4062 34823
4062 33209
4062 33209
4062 33209
4062 34777
4062 34777
4062 33489
4062 33489
4062 33489
4062 32801
4062 32801
4062 32801
4062 34891
4062 34891
4062 34891
4062 32865
4062 32865
4062 34062
4062 34062
4062 34062
4062 33297
4062 33297
4062 33297
4062 34738
4062 34738
4062 34738
4062 35498
4062 35498
4062 33667
4062 33667
4062 33667
4062 34805
4062 34805
4062 34805
4062 32976
4062 32976
4062 32976
4062 34098
4062 34098
4062 34663
4062 34663
4062 34663
4062 33258
4062 33258
4062 33258
4062 33993
4062 33993
4062 33993
4062 33079
4062 33079
4062 33304
4062 33304
4062 33304
4062 35021
4062 35021
4062 35021
4062 35254
4062 35254
4062 34706
4062 34706
4062 34706
4062 33470
4062 33470
4062 33470
4062 34192
4062 34192
4062 34192
4062 30645
4062 30645
4062 30103
4062 30103
4062 30103
4062 34220
4062 34220
4062 34220
4062 32485
4062 32485
4062 32485
4062 33807
4062 33807
4062 34676
4062 34676
4062 34676
4258 39178
4258 39178
4258 39178
4258 39178
4258 32590
4258 32590
4258 32590
4258 32950
4258 32950
4258 36610
4258 36610
4258 36610
4258 34641
4258 34641
4258 34641
4258 34408
4258 34408
4258 34408
4258 33883
4258 33883
4258 33287
4258 33287
4258 33287
4258 34155
4258 34155
4258 34155
4258 30819
4258 30819
4258 35615
4258 35615
4258 35615
4258 33486
4258 33486
4258 33486
4258 33505
4258 33505
4258 33505
4258 34966
4258 34966
4258 34454
4258 34454
4258 34454
4258 34704
4258 34704
4258 34704
4258 35167
4258 35167
4258 35167
4310 39957
4310 39957
4310 39957
4310 33297
4310 33297
4310 33297
4310 33205
4310 33205
4310 33205
4310 35371
4310 35371
4310 35371
4310 34762
4310 34762
4310 36466
4310 36466
4310 36466
4310 34491
4310 34491
4310 34491
4310 35337
4310 35337
4310 35064
4310 35064
4310 35064
4310 34463
4310 34463
4310 34463
4310 30354
4310 30354
4310 30354
4310 29779
4310 29779
4310 32015
4310 32015
4310 32015
4310 30763
4310 30763
4310 30763
4310 35989
4310 35989
4310 35989
4310 30793
4310 30793
4310 35292
4310 35292
4310 35292
4310 35678
4310 35678
4310 35678
4310 34570
4310 34570
4310 34570
4310 33113
4310 33113
4310 34548
4310 34548
4310 34548
4310 33834
4310 33834
4310 33834
4310 31253
4310 31253
4310 31253
4310 34534
4310 34534
4310 35311
4310 35311
4310 35311
4386 40792
4386 40792
4386 40792
4386 40792
4390 38369
4390 38369
4390 38369
4390 33336
4390 33336
4390 33336
4390 34110
4390 34110
4390 34110
4390 35053
4390 35053
4390 35053
4390 35400
4390 35400
4390 33834
4390 33834
4390 33834
4390 34189
4390 34189
4390 34189
4390 33694
4390 33694
4390 33694
4390 34710
4390 34710
4390 34412
4390 34412
4390 34412
4390 34243
4390 34243
4390 34243
4390 32921
4390 32921
4390 34615
4390 34615
4390 34615
4390 36398
4390 36398
4390 36398
4390 33866
4390 33866
4390 33866
4390 34538
4390 34538
4390 33296
4390 33296
4390 33296
4390 34904
4390 34904
4390 34904
4390 33181
4390 33181
4390 33181
4390 34403
4390 34403
4390 34739
4390 34739
4390 34739
4390 33813
4390 33813
4390 33813
4390 35324
4390 35324
4390 35324
4390 33767
4390 33767
4390 32991
4390 32991
4390 32991
4390 35552
4390 35552
4390 35552
4390 36385
4390 36385
4390 36385
4390 34091
4390 34091
4390 34115
4390 34115
4390 34115
4390 33902
4390 33902
4390 33902
4481 39497
4481 39497
4481 39497
4481 34944
4481 34944
4481 34944
4481 34569
4481 34569
4481 34569
4481 34485
4481 34485
4481 34485
4481 34785
4481 34785
4481 34301
4481 34301
4481 34301
4481 34936
4481 34936
4481 34936
4481 35083
4481 35083
4481 35083
4481 30687
4481 30687
4481 34650
4481 34650
4481 34650
4481 34106
4481 34106
4481 34106
4481 35597
4481 35597
4481 35597
4481 34108
4481 34108
4481 35688
4481 35688
4481 35688
4481 30948
4481 30948
4481 30948
4481 35581
4481 35581
4481 35581
4481 35798
4481 35798
4481 34096
4481 34096
4481 34096
4481 35016
4481 35016
4481 35016
4481 33742
4481 33742
4481 33742
4481 33614
4481 33614
4481 35864
4481 35864
4481 35864
4481 34813
4481 34813
4481 34813
4481 35850
4481 35850
4481 34801
4481 34801
4481 34801
4481 34461
4481 34461
4481 34461
4481 35089
4481 35089
4481 35089
4481 34400
4481 34400
4566 41381
4566 41381
4566 41381
4566 41381
4566 33100
4566 33100
4566 33100
4566 36162
4566 36162
4566 36162
4566 33830
4566 33830
4566 33107
4566 33107
4566 33107
4566 34067
4566 34067
4566 34067
4566 36994
4566 36994
4566 36994
4566 35038
4566 35038
4566 33391
4566 33391
4566 33391
4566 35323
4566 35323
4566 35323
4566 34468
4566 34468
4600 40716
4600 40716
4600 40716
4600 40716
4600 33555
4600 33555
4600 33555
4600 33153
4600 33153
4600 33153
4600 34256
4600 34256
4600 32957
4600 32957
4600 32957
4600 33433
4600 33433
4600 33433
4600 36654
4600 36654
4600 36654
4600 34397
4600 34397
4600 35134
4600 35134
4600 35134
4600 33365
4600 33365
4600 33365
4600 36570
4600 36570
4600 36570
4600 32404
4600 32404
4600 33105
4600 33105
4600 33105
4600 34137
4600 34137
4600 34137
4600 34326
4600 34326
4600 33625
4600 33625
4600 33625
4600 30511
4600 30511
4600 30511
4600 33689
4600 33689
4600 33689
4600 34930
4600 34930
4600 34168
4600 34168
4600 34168
4600 36808
4600 36808
4600 36808
4600 34572
4600 34572
4600 34572
4600 35130
4600 35130
4600 34214
4600 34214
4600 34214
4600 33493
4600 33493
4600 33493
4600 35068
4600 35068
4600 35068
4600 34834
4600 34834
4600 34276
4600 34276
4600 34276
4600 35122
4600 35122
4600 35122
4600 33287
4600 33287
4600 33287
4600 34701
4600 34701
4600 33242
4600 33242
4600 33242
4600 34253
4600 34253
4600 34253
4600 34857
4600 34857
4600 34857
4600 33261
4600 33261
4706 41554
4706 41554
4706 41554
4706 41554
4710 39587
4710 39587
4710 39587
4710 39587
4710 32460
4710 32460
4710 33141
4710 33141
4710 33141
4710 34999
4710 34999
4710 34999
4710 36649
4710 36649
4710 36649
4710 30494
4710 30494
4710 34636
4710 34636
4710 34636
4710 34279
4710 34279
4710 34279
4710 34678
4710 34678
4710 34678
4710 35611
4710 35611
4710 35829
4710 35829
4710 35829
4710 33663
4710 33663
4710 33663
4710 33237
4710 33237
4710 34832
4710 34832
4710 34832
4710 30612
4710 30612
4710 30612
4710 35144
4710 35144
4710 35144
4710 33027
4710 33027
4710 35225
4710 35225
4710 35225
4710 30447
4710 30447
4710 30447
4710 31633
4710 31633
4710 31633
4710 31449
4710 31449
4710 33676
4710 33676
4710 33676
4777 40653
4777 40653
4777 40653
4777 40653
4777 33305
4777 33305
4777 33305
4777 34686
4777 34686
4787 38653
4787 38653
4787 38653
4787 38653
4787 33259
4787 33259
4787 33259
4787 34965
4787 34965
4787 34602
4787 34602
4787 34602
4787 35092
4787 35092
4787 35092
4787 34475
4787 34475
4787 34475
4787 34935
4787 34935
4787 34101
4787 34101
4787 34101
4787 34935
4787 34935
4787 34935
4787 35950
4787 35950
4787 35950
4787 36307
4787 36307
4821 41907
4821 41907
4821 41907
4821 41907
4821 34580
4821 34580
4821 34580
4821 34383
4821 34383
4821 33297
4821 33297
4821 33297
4821 35031
4821 35031
4821 35031
4821 35594
4821 35594
4821 35594
4821 30655
4821 30655
4821 35576
4821 35576
4821 35576
4821 35248
4821 35248
4821 35248
4821 34198
4821 34198
4821 34198
4821 35885
4821 35885
4821 34603
4821 34603
4821 34603
4821 35061
4821 35061
4821 35061
4821 34036
4821 34036
4821 34036
4821 35011
4821 35011
4821 34866
4821 34866
4821 34866
4821 34147
4821 34147
4821 34147
4821 35306
4821 35306
4821 35306
4876 38917
4876 38917
4876 38917
4876 34013
4876 34013
4876 34013
4876 33795
4876 33795
4876 33795
4876 34788
4876 34788
4876 35360
4876 35360
4876 35360
4876 35733
4876 35733
4876 35733
4876 35016
4876 35016
4876 35016
4876 35903
4876 35903
4876 36160
4876 36160
4876 36160
4876 33299
4876 33299
4876 33299
4876 36198
4876 36198
4876 36198
4876 32827
4876 32827
4876 32933
4876 32933
4876 32933
4876 34629
4876 34629
4876 34629
4876 34201
4876 34201
4876 34201
4876 33695
4876 33695
4876 34678
4876 34678
4876 34678
4876 34214
4876 34214
4876 34214
4876 34932
4876 34932
4876 33784
4876 33784
4876 33784
4876 35598
4876 35598
4876 35598
4876 34799
4876 34799
4876 34799
4876 34082
4876 34082
4876 34587
4876 34587
4876 34587
4876 33827
4876 33827
4876 33827
4876 36490
4876 36490
4876 36490
4876 34163
4876 34163
4876 34151
4876 34151
4876 34151
4876 34725
4876 34725
4876 34725
4876 33455
4876 33455
4876 33455
4876 34655
4876 34655
4876 32320
4876 32320
4876 32320
4876 33516
4876 33516
4876 33516
4876 34321
4876 34321
4876 34321
4876 33764
4876 33764
4876 35501
4876 35501
4876 35501
4985 40790
4985 40790
4985 40790
4985 40790
4985 33517
4985 33517
4985 33090
4985 33090
4985 33090
4985 33822
4985 33822
4985 33822
4985 34065
4985 34065
4985 34065
4985 34065
4985 34065
4985 34065
4985 34065
4985 34065
4985 34065
4985 34065
4985 34065
4985 34065
4985 34065
4985 34065
4985 34065
4985 34065
4985 34065
4985 34065
4985 34065
4985 34065
4985 34065
4985 34065
4985 34065
4985 34065
4985 34065
4985 34065
4985 34065
4985 34065
4985 34065
4985 34065
4985 34065
4985 34065
4985 34065
4985 34065
4985 34065
4985 34065
4985 34065
4985 34065
4985 34065
4985 34065
4985 34065
4985 34065
4985 34065
4985 34065
4985 34065
4985 34065
4985 34065
4985 34065
4985 34065
4985 34065
4985 34065
4985 34065
4985 34065
4985 34065
4985 34065
4985 34065
4985 34065
4985 34065
4985 34065
4985 34065
4985 34065
4985 34065
4985 34065
4985 34065
4985 34065
