0 0
0 0
0 12441
2 3430
2 3430
2 3430
2 3430
3 3430
7 11432
8 11172
10 11876
11 11467
12 11151
14 12142
14 12142
15 12142
15 12142
17 12116
18 12267
19 12470
20 11252
23 11976
23 11976
24 11976
24 11976
26 11386
27 11080
27 11080
29 11712
30 12416
31 12177
33 11816
34 11184
35 11339
36 11469
36 11328
38 2183
38 2183
38 2183
38 2183
39 2183
44 11156
45 12470
46 11566
47 12064
48 11532
49 11526
50 11495
51 11925
52 12450
53 12060
54 11207
56 11199
57 12277
58 12043
59 11130
60 13390
61 11270
62 11877
63 11592
64 11879
65 11754
67 12221
68 11715
69 11214
70 11406
71 12265
72 11184
73 11174
74 12401
75 11512
76 11238
76 11238
79 11395
79 11395
79 11395
82 12233
83 11143
84 11160
85 11221
86 11579
87 11325
88 11169
89 12164
91 11180
92 11435
93 11508
93 11508
95 11700
95 11700
97 12257
98 11425
98 11425
100 11281
101 1863
101 1863
102 12725
105 11414
106 11694
107 11404
108 11537
109 11282
109 11282
111 11859
112 11554
114 11276
115 12157
116 11315
117 13184
118 12160
118 12014
120 1804
120 1804
120 1804
121 1804
125 12617
127 12565
127 12565
128 12565
128 12565
130 11584
130 11584
132 11361
133 12180
134 11346
135 12720
137 11271
137 11271
139 11252
139 11252
141 11776
142 12290
143 12376
143 12376
143 10667
145 2893
146 2893
146 2893
146 11303
150 2440
151 2440
151 2440
154 11424
155 12404
157 12120
157 12120
158 12120
160 11188
161 13123
162 12401
163 11290
164 11622
165 11346
166 11208
167 11550
168 11230
169 12354
171 11301
172 11213
173 11156
173 11156
176 12948
177 12783
177 12783
177 12783
179 11101
180 11317
181 12389
183 12031
184 12375
185 11155
187 12131
187 12131
188 12131
188 12131
190 12897
191 11959
192 11214
194 11258
195 11477
196 11427
197 12943
198 12641
199 12195
200 12057
201 11147
203 12493
203 12493
204 12493
206 12073
207 11263
208 11687
210 12240
210 12240
210 12240
211 12240
213 12991
214 13377
215 12413
217 11152
218 12290
218 12290
218 11291
220 2403
221 2403
221 2403
224 11807
225 11908
226 12673
227 12421
229 11640
230 11403
231 12128
232 12421
233 12395
234 12401
234 12213
236 1862
236 1862
236 1862
237 1862
241 12303
241 12756
243 1897
243 1897
243 1897
244 1897
244 1897
248 12185
248 12185
250 11861
252 11595
254 13189
254 13189
255 13189
255 13189
257 12175
258 11416
259 11865
260 11472
260 11472
262 11012
264 12462
265 11168
266 12470
267 11989
268 12269
269 11125
270 12188
271 11966
272 11535
273 11174
275 11263
276 11407
276 11407
278 12397
279 11222
279 11222
281 11186
281 11186
283 11834
283 11834
285 11894
286 11894
287 11894
290 12706
290 12706
291 12706
291 12706
293 12424
294 12804
295 12125
296 11164
298 11102
299 11690
300 12814
301 11263
302 11343
303 11321
304 11140
305 11519
306 11543
307 12412
308 12931
310 12332
311 11224
312 11193
314 12942
314 12942
314 12942
316 11498
316 11498
318 11416
319 11431
321 12254
322 12207
323 11522
324 11856
324 11856
326 11918
326 11918
328 11055
329 12739
330 12961
331 11598
334 12109
335 12007
335 12007
336 12007
336 12007
338 11487
339 11877
340 11701
341 11310
342 11451
344 12032
345 11452
346 11463
347 11154
348 11958
349 11177
350 11262
352 13028
352 13028
353 13028
353 13028
356 11626
357 12484
358 12176
359 12243
359 12243
361 11492
362 11492
362 11492
364 11863
366 12916
366 12916
369 12255
370 12859
370 12859
371 12859
371 12859
373 12286
373 12286
373 10270
373 9201
376 9201
376 9201
380 12268
380 12268
382 11670
383 11540
383 11540
385 11939
385 11939
387 11977
388 12255
389 11324
391 11229
392 11718
393 11540
394 11276
394 11276
396 11590
396 11590
396 10584
398 2506
399 2506
402 12339
403 11275
404 12051
405 11735
406 11662
407 11226
407 11226
409 12507
409 12507
410 12507
412 11343
413 11446
415 11405
416 11610
417 12914
418 13158
419 11977
420 11342
421 11886
422 11216
423 11758
425 11643
426 11296
427 11720
428 11923
429 11324
430 12598
431 12369
432 12422
433 11580
433 11580
433 10320
436 9637
436 9637
439 12109
440 11262
440 11262
442 11525
443 12134
444 11323
445 11368
446 12418
448 12844
449 11467
449 11467
451 11346
452 11893
453 12440
454 11219
455 11397
456 11251
457 11287
458 11180
460 12368
461 12368
461 12368
463 11560
464 11368
465 11414
466 11424
467 11235
468 12502
469 11466
471 11309
472 11792
473 11642
474 11134
474 11134
477 12050
477 12050
478 12050
478 12050
480 12297
481 11139
483 11459
484 11226
486 12076
486 12076
487 12076
487 12076
487 12076
490 12424
490 12424
492 11101
494 2622
494 2622
494 2622
495 2622
495 2622
499 11250
500 12152
501 11772
502 11135
503 12159
503 12159
505 2398
506 2398
506 2398
509 11928
510 12459
512 12183
512 12183
513 12183
513 12183
515 11118
517 11171
517 11171
519 12312
521 12062
522 12059
522 12059
523 12059
523 12059
523 12059
526 12046
527 12046
529 12532
530 12532
530 12532
532 11311
533 12256
534 11481
536 12902
536 12902
537 12902
537 12902
539 11331
541 2384
541 2384
541 2384
542 2384
542 2384
546 11468
547 2422
547 2422
547 2422
548 2422
552 11753
553 11301
554 11809
555 12063
556 11204
557 11680
557 11680
557 10442
560 17124
560 17124
563 17124
563 17124
565 11131
566 11947
567 12836
567 12836
569 12174
570 12167
571 11538
572 11227
572 11201
574 2028
574 2028
574 2028
575 2028
575 2028
580 11481
581 11333
582 11823
583 11189
584 11173
585 12089
587 11587
588 12266
589 12160
590 12113
590 12143
592 2126
592 2126
592 2126
593 2126
593 2126
598 11068
599 12411
600 12791
601 11893
601 11893
603 11116
604 11235
605 11308
605 11308
607 13354
608 12265
610 11384
611 11555
612 11541
613 11811
614 12254
614 12095
616 1971
616 1971
616 1971
617 1971
617 12132
622 2102
622 2102
622 2102
623 2102
623 2102
627 11455
628 12573
628 12573
630 11008
631 11008
633 11376
633 12096
635 1876
635 1876
635 1876
636 1876
636 1876
640 12173
641 11265
642 11482
643 12932
643 11258
645 2206
646 2206
649 12524
649 12524
650 12524
650 12524
650 12524
653 11218
654 11488
656 11901
657 11202
657 11202
659 11983
660 1891
660 1891
660 1891
661 1891
661 1891
665 12168
667 11703
667 11703
669 11585
670 11114
671 11510
672 12031
673 13170
674 11499
675 11279
676 11168
677 11112
679 11256
679 11256
679 11888
681 3048
682 3048
682 3048
682 3048
686 11432
687 12377
688 12403
690 11258
691 11202
692 11121
693 11143
694 12179
695 13441
695 13441
697 11513
698 11257
698 11257
700 11159
702 11159
702 11159
704 11118
705 11898
706 12904
707 11527
708 11171
709 12278
710 12499
711 11486
713 12099
714 11495
715 11769
716 12051
717 12126
718 11429
719 12003
720 12354
721 11502
722 11485
723 11133
725 11462
726 11253
727 11828
729 12331
729 12331
730 12331
730 12331
730 12331
733 11179
734 12198
736 1824
736 1824
736 1824
737 1824
737 1824
741 11329
742 11579
743 11204
744 11144
745 11475
746 13050
748 12458
749 11205
750 12206
751 11276
752 11245
753 12231
754 11507
755 11267
756 11811
757 11181
757 13345
759 2244
759 2244
760 2244
760 2244
764 11455
765 11107
766 11106
767 12907
768 12653
768 12653
770 11807
772 11472
774 12280
775 12082
775 12082
776 12082
776 12082
778 11740
779 11380
780 11996
781 11820
783 11504
784 11133
785 11547
786 11183
786 11183
788 11894
789 11691
789 11691
791 11629
792 11220
794 11715
795 11505
796 11562
796 11562
798 12165
799 11277
800 11336
800 11842
802 1931
802 1931
802 1931
803 1931
807 11236
808 11150
809 11229
810 11292
811 12191
812 12150
813 11248
814 11177
815 11552
817 12045
818 2431
818 2431
818 2431
819 2431
819 2431
824 11781
824 11781
825 11781
827 13847
827 13847
828 13847
830 11539
831 11470
832 11687
833 12356
834 11411
835 11437
836 12958
837 12725
838 11647
840 11990
841 12627
842 11703
843 12513
844 12126
845 11355
846 12101
847 11318
848 12247
849 11373
850 12300
852 11357
854 12135
854 12135
855 12135
855 12135
855 12135
858 11734
859 11405
860 11447
860 11447
863 12707
864 11472
864 11503
866 1873
866 1873
866 1873
867 1873
867 1873
871 11635
871 11635
873 11803
874 11534
876 12250
876 12800
878 2278
878 2278
878 2278
879 2278
879 2278
884 12807
884 12807
885 12807
885 10681
887 2276
888 2276
888 2276
892 12220
892 12220
893 12220
893 12220
895 11139
896 11477
898 12987
899 12314
899 12314
901 11691
902 11776
903 11609
904 11199
905 12887
907 13271
907 13271
908 13271
908 13271
911 11197
912 12227
913 12282
914 12373
915 12352
916 11244
918 12155
918 12155
918 12155
921 12506
922 12890
923 11460
924 11760
925 11548
926 11269
927 11151
928 12373
929 11231
930 12260
931 11404
933 11244
934 13351
935 12153
935 11587
937 1824
937 1824
937 1824
937 1824
938 1824
942 11181
944 11487
945 11236
946 11735
947 11442
948 12224
949 12719
951 12929
951 12929
952 12929
952 12929
954 11970
955 11417
957 11983
958 11255
959 11551
960 11770
960 11770
962 11528
962 11528
964 11480
965 12372
967 11721
968 11873
969 11460
970 11752
971 12352
972 12435
973 11620
974 12154
974 12154
976 11437
977 11437
980 13415
980 13415
981 13415
981 11793
983 1825
983 1825
983 1825
984 1825
984 1825
988 11413
990 11784
991 11985
992 12883
993 12335
994 12257
995 11407
996 11143
997 11518
998 12475
999 11136
999 11136
1002 11827
1003 11470
1004 11253
1005 11260
1006 11471
1007 13090
1008 12438
1008 12438
1010 11388
1011 11514
1013 11119
1014 12400
1015 11201
1016 12424
1017 11243
1018 11156
1019 11183
1019 11183
1021 11044
1022 12538
1023 12338
1025 11395
1026 11597
1027 11269
1028 11871
1029 12280
1030 13254
1031 12300
1032 12830
1033 11576
1033 11576
1036 12294
1037 12215
1038 11962
1039 11165
1039 11165
1041 11148
1042 11798
1043 11206
1044 12278
1045 12390
1045 12390
1048 11391
1048 11391
1050 11053
1051 11053
1051 11053
1053 11387
1054 11566
1055 11740
1055 11740
1057 11574
1059 12443
1060 11220
1061 11888
1062 12076
1062 12076
1063 10963
1063 10963
1065 10963
1067 12160
1067 12160
1069 12002
1071 11772
1071 11772
1073 11621
1074 12152
1075 11516
1075 11516
1075 10822
1077 2189
1078 2189
1078 2189
1082 11279
1083 11535
1083 11535
1085 11459
1086 11600
1087 12894
1088 11602
1089 13119
1090 11791
1091 11237
1092 12023
1094 12245
1095 12230
1096 12363
1097 11170
1098 12836
1099 12090
1100 11142
1101 12516
1102 12067
1103 12307
1104 12474
1106 11582
1107 11332
1108 11183
1109 11047
1109 11047
1109 11694
1111 2147
1111 2147
1112 2147
1112 11299
1115 2535
1116 2535
1119 11277
1120 11434
1121 11896
1122 11277
1123 11518
1124 12216
1125 12137
1126 11636
1127 11604
1130 12313
1130 12313
1131 12313
1131 12313
1131 12313
1134 11222
1135 11265
1135 11265
1138 12078
1138 12078
1139 12078
1141 11103
1142 11103
1142 11103
1145 12163
1145 12163
1146 12163
1148 12927
1148 12927
1149 12927
1149 12927
1151 11424
1153 11896
1154 13015
1154 13015
1156 12249
1156 12249
1156 10971
1158 2191
1159 2191
1159 2191
1163 11490
1164 12706
1164 12706
1166 11649
1167 11300
1168 12200
1168 12200
1170 11863
1171 11499
1172 12053
1172 12053
1175 12398
1176 12144
1176 12144
1178 12227
1179 11421
1180 12089
1181 11593
1181 11593
1181 11882
1183 9945
1184 9945
1187 12725
1188 12011
1189 11250
1190 11894
1191 12134
1192 11259
1193 11500
1194 12316
1195 11104
1196 11142
1198 12023
1198 11158
1200 2116
1200 2116
1200 2116
1201 2116
1201 2116
1205 12437
1206 11192
1206 11631
1208 2312
1208 2312
1209 2312
1209 2312
1213 11477
1214 11502
1214 11516
1216 2154
1216 2154
1216 2154
1217 2154
1221 11557
1222 11408
1223 11177
1224 11212
1225 11992
1226 12775
1227 12375
1228 11369
1229 11414
1229 11414
1232 11395
1233 11827
1233 11827
1235 11668
1236 12238
1236 12238
1238 11284
1238 11284
1240 11629
1241 13036
1242 12461
1244 11663
1245 11540
1246 11290
1247 11300
1248 12450
1249 12152
1250 11578
1252 11976
1252 11976
1253 11976
1255 11729
1256 13074
1258 12555
1258 12555
1259 12555
1259 12555
1261 11205
1262 11491
1263 12101
1264 11401
1264 11401
1267 11311
1267 11311
1267 10738
1269 10372
1269 10372
1270 10372
1273 12021
1273 11740
1275 1828
1275 1828
1275 1828
1276 1828
1280 11261
1281 11121
1282 11407
1284 12746
1284 12746
1285 12746
1285 12746
1287 11162
1287 11454
1289 1871
1289 1871
1290 11803
1293 12431
1294 11477
1294 11477
1296 11148
1297 11667
1298 11350
1299 11333
1300 12272
1302 12146
1303 12146
1303 12146
1305 12005
1306 11461
1307 12595
1308 11552
1309 12463
1310 11507
1311 11143
1313 11305
1314 12546
1315 11722
1316 11256
1316 11256
1318 11594
1319 11382
1321 12475
1321 12475
1322 12475
1322 12475
1325 11730
1325 11730
1328 12111
1328 12111
1329 12111
1329 12111
1331 11121
1332 11596
1333 11539
1334 11253
1336 12462
1337 11389
1338 11131
1339 11087
1340 11925
1341 11737
1342 11747
1343 12037
1344 12765
1345 12277
1346 12838
1348 11142
1349 11190
1349 11554
1351 2414
1351 2414
1351 2414
1352 2414
1352 2414
1356 11319
1357 11089
1359 11381
1360 11119
1361 11432
1362 11734
1362 11734
1364 11362
1365 12343
1365 12343
1367 11166
1368 11603
1369 11223
1372 12129
1372 12129
1373 12129
1373 12129
1375 11655
1376 11334
1377 11483
1378 11157
1379 11182
1379 11182
1382 11721
1382 11721
1384 11149
1385 11149
1387 12941
1387 12941
1388 11627
1389 12376
1390 11670
1391 12232
1392 11132
1394 12019
1394 12019
1396 11447
1397 11241
1398 11305
1399 11590
1399 11590
1399 10315
1401 2865
1401 2865
1402 2865
1402 2865
1407 11084
1408 12004
1409 13534
1410 11289
1411 11141
1412 11525
1413 11761
1415 12037
1415 12037
1416 12037
1418 12194
1419 11771
1420 12700
1421 11932
1422 12324
1422 12324
1424 12050
1425 11739
1426 11962
1428 11767
1429 12291
1429 12291
1431 11905
1432 11270
1433 11772
1433 11772
1435 11612
1435 11612
1438 12697
1438 12697
1441 12021
1441 12021
1442 12021
1442 12021
1444 11903
1444 11903
1446 12019
1448 12441
1448 12441
1449 12441
1451 11353
1453 13857
1453 13857
1454 13857
1454 13857
1456 11308
1457 11197
1458 11863
1459 12009
1460 12199
1462 13366
1462 13366
1462 13366
1465 11415
1466 12126
1467 12137
1468 11213
1469 11339
1470 11258
1471 12118
1473 11743
1473 11874
1475 2415
1475 2415
1475 2415
1476 2415
1476 2415
1480 11198
1481 12832
1482 12180
1482 12180
1484 11298
1486 11160
1487 11174
1487 11174
1489 12227
1490 11400
1490 11400
1492 11452
1493 11164
1494 11495
1495 12836
1497 12408
1498 11401
1499 12600
1500 11596
1501 12129
1502 11178
1502 11178
1505 12209
1505 12209
1505 12209
1506 12209
1509 11453
1510 12363
1510 12363
1512 11739
1513 12170
1513 12597
1515 1818
1515 1818
1515 1818
1516 1818
1520 12838
1521 12838
1521 12838
1523 11191
1524 11189
1525 12399
1526 12337
1527 11790
1528 12022
1529 11423
1530 11188
1532 11764
1533 12288
1535 13159
1536 12584
1536 12584
1536 12584
1538 11502
1539 11987
1541 12899
1541 12899
1542 12899
1544 11391
1545 11135
1546 11404
1547 12650
1548 12078
1548 11294
1550 1935
1550 1935
1550 1935
1551 11677
1555 12513
1556 11358
1557 11361
1558 12206
1558 11169
1560 1805
1560 1805
1560 1805
1561 1805
1561 11645
1565 1953
1565 1953
1566 1953
1566 1953
1566 1953
1571 11603
1571 11603
1573 12444
1574 11264
1575 11118
1576 13088
1578 11134
1578 11134
1580 11835
1581 12327
1582 11391
1582 11391
1584 12837
1585 12028
1586 11434
1587 11603
1588 11175
1590 2121
1590 2121
1590 2121
1590 2121
1591 2121
1595 11705
1596 11334
1596 11334
1596 11590
1598 2711
1599 2711
1602 11462
1603 11701
1604 11222
1605 12174
1606 12007
1607 11526
1608 11453
1609 12330
1610 12204
1611 11563
1614 12861
1614 12861
1614 12861
1616 12861
1616 12861
1618 11329
1619 11048
1620 12814
1621 12162
1622 11395
1624 11486
1625 11151
1626 11371
1627 12126
1628 12198
1629 11217
1630 11126
1630 11126
1632 11898
1633 11206
1634 11092
1636 12192
1637 12270
1638 11217
1639 11150
1640 11661
1641 11112
1643 13880
1644 12772
1644 12772
1645 12772
1647 12095
1648 12337
1649 12000
1650 12808
1650 12808
1652 11651
1653 11693
1654 11098
1655 12115
1656 12757
1657 12276
1659 12571
1660 12571
1660 12571
1662 11632
1663 11277
1664 12482
1665 11450
1666 11603
1666 11603
1668 12377
1670 11207
1670 11207
1672 11688
1673 11439
1673 11801
1675 2176
1675 2176
1675 2176
1676 2176
1676 2176
1680 11952
1682 11203
1683 11097
1684 11715
1684 11299
1686 2436
1686 2436
1686 2436
1687 2436
1687 2436
1687 2436
1692 12004
1694 1842
1694 1842
1694 1842
1695 1842
1695 1842
1700 12040
1700 12040
1701 12040
1701 12040
1701 12040
1704 11594
1706 2145
1706 2145
1706 2145
1707 2145
1707 2145
1711 11417
1711 11203
1713 1916
1713 1916
1713 1916
1714 1916
1718 11669
1720 12911
1720 12911
1721 12911
1721 12911
1723 11583
1724 11164
1724 11164
1726 11229
1728 12240
1729 12866
1730 12047
1731 11219
1732 11129
1733 11140
1734 11191
1735 11584
1736 11694
1737 12193
1739 12707
1740 12707
1740 12707
1742 11787
1743 11811
1743 11811
1745 12331
1746 11301
1747 11473
1748 11746
1749 11419
1751 12818
1752 12484
1752 11706
1754 1835
1754 1835
1754 1835
1755 1835
1755 1835
1760 12621
1760 12621
1761 11354
1763 11213
1764 11269
1764 11269
1766 12111
1766 12111
1766 11598
1769 12772
1769 12772
1769 12772
1772 12772
1774 11831
1775 11774
1776 11636
1777 11454
1778 11532
1779 11158
1779 11905
1781 2814
1781 2814
1781 2814
1782 2814
1786 11875
1787 11295
1788 12239
1789 11276
1790 11326
1791 11787
1791 11943
1793 1839
1793 1839
1793 1839
1798 12068
1798 12068
1799 12068
1799 12068
1801 11258
1802 12525
1803 12268
1804 11274
1805 11207
1806 12467
1807 12145
1809 11200
1810 12228
1812 12432
1812 12432
1812 12432
1813 12432
1815 12110
1815 12110
1817 11649
1818 11247
1820 11530
1821 11283
1822 11138
1823 11088
1824 12378
1825 11691
1826 11266
1826 11266
1828 11273
1830 12743
1830 12743
1831 12743
1831 11260
1833 2712
1834 2712
1834 2712
1837 12205
1838 12347
1839 12837
1840 11209
1841 11534
1841 10369
1843 9581
1844 9581
1844 9581
1847 12236
1848 12131
1849 11455
1850 11208
1851 11228
1852 12558
1853 11441
1854 12093
1856 11314
1857 11292
1858 11591
1859 11110
1860 12280
1861 12678
1862 11263
1862 11263
1864 11155
1866 11385
1867 12082
1867 12082
1869 11204
1871 12148
1871 12148
1872 12148
1872 12148
1874 12117
1874 12117
1876 11450
1878 11138
1879 11478
1880 11159
1881 11693
1882 12406
1883 12472
1884 12320
1884 12320
1886 12371
1887 11248
1887 11454
1889 2792
1890 2792
1890 2792
1893 11171
1893 11171
1895 11066
1896 12766
1897 12358
1898 11370
1899 11434
1901 11665
1902 11989
1903 12268
1904 12423
1904 12423
1906 11800
1907 11411
1908 11210
1908 11210
1910 11076
1912 13001
1912 13001
1913 13001
1916 12728
1916 12728
1917 11621
1918 12445
1919 12172
1919 12172
1921 11821
1922 12009
1924 11636
1925 12436
1926 12053
1927 11331
1927 11331
1929 11105
1930 11105
1930 11105
1932 11829
1933 12078
1935 11412
1936 12407
1937 11323
1938 11897
1938 11897
1940 12173
1941 12283
1942 11194
1943 11378
1943 11239
1945 1819
1945 1819
1946 1819
1946 1819
1950 11464
1950 11464
1952 11042
1953 12287
1955 11992
1955 11992
1956 11893
1958 11781
1958 11781
1958 10604
1960 9555
1961 9555
1964 13041
1964 13041
1965 13041
1965 13083
1967 2481
1967 2481
1968 2481
1968 2481
1972 12075
1973 12279
1973 11473
1975 1824
1975 1824
1975 1824
1976 12078
1979 11207
1981 11877
1982 11198
1983 11123
1984 12316
1985 12698
1986 11292
1987 11882
1988 11290
1989 11234
1990 12233
1991 12324
1993 11342
1994 12157
1995 11468
1996 11453
1997 11198
1998 12207
1999 12192
1999 12192
2001 11790
2002 11344
2002 11344
2004 11537
2004 11849
2006 3709
2006 3709
2007 3709
2011 12157
2012 12157
2012 12157
2012 12157
2014 12157
2016 12458
2017 12324
2018 11204
2019 11305
2020 11888
2022 12746
2022 12746
2023 12746
2023 12746
2025 11432
2026 11485
2028 12351
2029 12044
2030 11109
2031 11461
2032 11607
2033 11126
2033 11126
2035 12114
2036 12492
2038 12063
2039 12063
2039 12063
2039 10850
2041 2528
2041 2528
2042 2528
2042 2528
2046 11300
2047 11512
2049 12172
2049 12172
2050 12172
2052 11422
2053 11259
2054 12058
2055 12274
2055 12274
2057 11723
2058 12301
2059 11353
2060 11148
2061 11429
2063 19876
2064 11984
2065 11731
2066 11165
2067 11889
2068 11231
2069 12419
2070 11414
2071 11444
2072 12678
2074 11367
2075 11734
2076 11441
2077 11553
2078 11289
2079 12961
2080 11518
2081 11191
2082 11563
2083 11337
2085 11525
2086 12364
2087 12768
2088 12654
2089 11362
2090 11327
2091 11187
2092 11850
2093 11472
2094 13342
2095 12601
2097 1884
2097 1884
2098 12064
2098 12064
2101 12064
2101 12064
2103 11178
2104 11787
2105 11778
2106 11915
2108 12164
2109 12463
2110 11307
2111 11424
2112 11239
2113 11098
2114 11763
2115 12307
2116 12291
2117 11794
2118 11552
2120 11961
2121 12495
2122 12662
2123 12546
2124 11610
2125 11726
2126 11218
2127 11448
2127 11448
2129 11531
2130 12291
2130 10644
2132 2146
2133 2146
2133 2146
2136 11502
2137 12221
2137 12322
2139 1972
2139 1972
2139 1972
2143 11510
2143 11510
2143 12160
2145 2528
2146 2528
2146 2528
2149 11764
2150 11238
2151 11283
2152 12346
2154 11228
2155 11621
2155 11900
2157 2032
2157 2032
2157 2032
2158 2032
2158 2032
2162 12551
2162 12551
2164 11123
2167 12142
2167 12142
2167 12142
2169 11336
2170 12478
2171 11614
2171 11614
2173 11584
2174 12198
2175 11717
2177 11724
2178 11935
2179 11089
2180 11382
2181 12343
2182 11349
2183 11805
2184 11595
2185 11120
2186 11412
2187 11257
2190 12627
2190 12627
2191 12627
2193 12055
2193 12055
2194 11677
2195 11192
2196 12648
2197 11473
2198 11445
2201 13100
2201 13100
2202 11118
2203 12900
2204 11244
2205 11680
2205 11680
2207 12032
2207 12032
2209 11269
2210 1936
2210 1936
2211 1936
2211 1936
2215 11678
2216 12022
2216 11253
2218 2452
2218 2452
2218 2452
2219 11340
2223 11455
2224 11461
2226 12993
2226 12993
2226 11148
2228 9877
2228 9877
2228 9877
2229 9877
2229 9877
2229 11302
2234 2199
2234 2199
2235 2199
2235 2199
2239 12219
2240 12455
2241 12168
2241 12168
2243 11307
2244 11307
2245 11307
2247 13060
2248 11297
2249 11263
2249 11263
2251 12129
2253 12159
2254 12308
2254 12308
2255 12459
2256 11553
2258 11174
2259 11280
2260 13208
2260 13208
2262 11692
2263 11646
2264 11902
2265 11833
2266 11143
2267 12076
2269 12864
2271 12864
2271 12864
2271 12864
2273 12864
2273 12864
2275 12267
2276 12340
2277 11260
2277 11260
2279 12068
2281 12362
2281 12362
2283 11866
2284 11266
2284 11266
2286 11768
2287 11289
2289 12401
2289 12401
2290 12401
2290 12401
2292 11402
2294 2189
2294 2189
2294 2189
2295 2189
2295 2189
2299 11302
2300 11507
2301 11262
2302 11288
2304 12125
2305 12188
2306 11676
2307 12461
2308 12092
2308 12092
2310 11587
2310 11587
2312 11853
2313 12261
2314 11450
2316 12771
2317 11964
2318 11906
2319 11232
2320 12167
2321 11178
2322 11066
2323 11348
2324 11683
2325 11075
2327 12282
2329 12537
2329 12537
2330 12537
2330 12537
2332 11662
2333 12139
2334 12133
2334 12133
2336 11685
2337 11891
2339 11455
2340 11448
2341 12473
2342 12467
2343 11287
2344 11320
2346 11809
2346 11809
2347 11809
2347 11809
2350 11819
2350 11819
2353 12675
2353 12675
2354 12675
2354 12675
2356 12882
2357 11370
2358 11743
2358 11743
2360 11305
2362 12039
2363 12149
2364 12308
2365 11648
2366 11383
2367 11205
2368 11518
2369 11784
2370 12134
2371 12437
2373 12219
2373 12219
2373 11526
2375 2202
2376 2202
2376 2202
2379 11217
2380 11927
2381 11483
2382 11114
2383 11430
2385 12340
2386 11495
2387 13192
2388 12584
2389 11662
2390 11252
2391 11186
2392 12573
2393 12505
2394 13069
2396 11279
2397 11114
2398 11135
2399 12132
2400 12208
2401 12518
2402 11565
2403 11552
2405 12172
2405 12172
2406 12172
2408 12127
2409 11473
2410 11197
2410 11306
2412 1789
2412 1789
2412 1789
2413 1789
2413 1789
2417 12074
2419 11446
2420 11454
2421 12156
2422 12556
2423 11358
2424 11100
2425 11486
2426 11279
2427 11177
2428 12215
2429 12317
2431 11564
2432 13335
2433 12442
2434 12008
2435 11180
2436 12099
2437 12190
2438 11280
2439 11289
2440 11597
2442 11143
2443 12415
2444 13170
2445 11280
2446 12038
2447 11459
2447 11459
2449 11102
2450 12854
2451 12092
2452 11311
2455 12519
2455 12519
2455 12519
2457 11987
2458 12197
2459 11745
2460 11216
2461 11710
2462 11379
2463 11158
2465 11905
2466 12191
2467 11178
2468 11921
2470 12315
2470 12315
2471 12315
2471 12315
2473 13207
2474 11208
2475 12039
2476 12437
2478 11484
2479 12196
2480 12331
2480 12331
2480 10259
2482 2194
2483 2194
2483 2194
2486 11717
2488 12098
2488 12098
2490 11740
2491 11602
2492 11140
2492 11140
2494 11882
2495 12277
2496 11429
2497 11587
2499 12110
2499 12110
2500 12110
2500 11160
2502 9560
2503 9560
2503 9560
2506 11460
2507 11135
2508 11200
2509 12338
2510 12210
2512 2818
2512 2818
2512 2818
2513 2818
2513 2818
2517 12770
2518 11782
2519 11217
2521 12341
2521 12341
2523 11779
2525 12907
2525 12907
2526 12907
2526 12907
2528 11199
2529 11509
2530 12565
2531 12412
2532 11667
2534 11323
2535 11881
2536 11394
2537 11597
2538 12259
2539 11755
2539 11755
2541 11529
2542 11593
2543 11159
2544 11189
2546 12446
2547 11190
2548 11144
2550 12031
2550 12031
2551 12031
2551 12031
2553 12052
2554 11345
2555 11776
2557 11665
2557 11185
2559 2044
2559 2044
2559 2044
2560 2044
2560 2044
2560 11071
2564 2326
2565 2326
2565 2326
2568 11253
2570 2342
2570 2342
2570 2342
2571 2342
2571 2342
2575 12319
2576 11490
2577 11164
2578 18070
2580 11314
2581 11083
2582 12405
2583 11917
2584 11251
2585 11471
2586 11500
2588 12748
2588 12748
2589 12748
2589 12748
2592 11166
2593 11971
2594 11723
2595 11160
2596 12428
2597 12252
2598 12164
2599 11898
2600 12209
2601 11169
2602 11148
2603 12279
2605 11833
2606 11245
2606 11245
2608 11464
2608 11464
2610 11204
2611 12316
2612 11290
2613 12498
2615 11539
2615 11539
2615 11582
2617 2691
2617 2691
2618 2691
2618 2691
2622 12578
2623 12912
2624 11406
2625 11326
2627 11416
2628 12691
2629 12009
2630 11533
2631 11765
2632 11237
2632 11237
2634 11564
2635 11615
2636 11183
2638 11262
2639 11252
2640 12399
2641 11542
2641 11542
2644 12305
2644 12305
2645 12305
2645 12305
2647 11887
2649 13061
2650 13061
2650 13061
2652 11623
2652 11572
2654 1908
2654 1908
2655 12326
2655 12326
2658 12326
2658 12326
2661 11362
2661 11362
2663 11384
2664 11400
2665 11874
2666 11249
2667 13046
2668 12303
2669 11327
2670 12178
2671 12350
2673 11163
2674 11170
2675 12507
2676 11691
2677 12356
2678 11268
2678 11268
2680 11147
2681 11253
2682 11498
2684 12101
2685 11267
2685 11267
2687 11660
2688 11347
2688 11347
2690 11491
2691 12342
2692 12019
2693 11819
2693 13015
2695 8964
2695 8964
2696 8964
2696 8964
2700 12319
2701 11207
2702 12136
2702 12136
2704 11191
2705 12277
2707 11571
2708 11571
2708 11571
2710 11144
2711 11177
2712 12606
2713 12421
2714 12037
2715 11447
2716 11251
2717 11283
2719 12662
2720 11249
2721 13429
2722 11866
2723 11176
2723 11176
2725 11362
2726 12121
2727 11904
2727 12221
2729 2140
2729 2140
2729 2140
2733 12154
2735 12571
2735 12571
2735 12571
2736 12571
2738 11437
2739 11119
2740 11171
2742 12400
2743 11228
2744 11155
2745 12270
2746 12870
2747 12179
2748 11972
2749 11136
2750 12148
2751 11812
2753 11408
2755 12192
2755 12192
2756 12192
2756 12192
2758 11416
2759 11865
2760 12499
2761 11491
2762 11791
2762 11791
2764 2784
2765 2784
2765 2784
2768 11175
2769 11363
2770 11177
2771 12124
2772 12644
2774 12405
2774 12405
2775 12405
2777 11367
2777 11367
2779 11710
2780 11239
2781 11143
2782 12283
2783 13017
2784 11780
2785 11895
2786 12313
2789 11983
2790 12229
2790 12229
2791 12229
2791 12229
2793 12165
2795 12524
2795 12524
2796 12524
2796 12524
2799 11168
2800 12058
2801 12847
2802 11157
2803 11597
2804 11276
2805 11263
2805 11263
2807 12259
2808 12062
2809 11279
2811 11316
2811 11316
2813 11146
2813 12570
2815 9808
2815 9808
2815 9808
2816 9808
2816 9808
2820 11197
2821 12523
2823 12408
2824 2070
2824 2070
2824 2070
2825 2070
2825 2070
2829 12319
2830 12179
2831 11337
2832 12076
2834 11025
2835 11229
2836 12388
2837 12345
2838 12230
2839 11421
2840 11195
2840 11195
2842 11502
2843 11234
2845 11899
2846 11212
2847 11330
2847 11330
2849 11346
2849 11346
2849 11473
2851 2867
2852 2867
2852 2867
2855 11858
2857 12409
2858 12306
2859 12047
2860 11327
2861 11142
2862 11176
2862 11581
2864 1958
2864 1958
2864 1958
2865 1958
2869 11318
2869 11318
2871 11488
2872 11631
2873 12204
2874 12278
2874 12278
2874 10891
2876 2749
2876 2749
2880 12420
2881 13388
2882 11505
2882 11505
2884 11460
2885 1851
2885 1851
2885 1851
2886 1851
2886 1851
2886 1851
2892 12278
2893 11391
2893 11391
2893 11537
2895 2556
2896 2556
2896 2556
2899 11457
2900 11978
2901 11176
2903 12644
2904 11579
2905 11716
2906 11186
2906 11186
2908 11369
2909 12957
2910 11961
2911 11574
2912 11253
2913 11325
2915 11104
2916 11250
2918 12990
2918 12990
2919 12990
2919 12990
2921 11385
2921 11139
2923 1803
2923 1803
2924 1803
2924 1803
2928 11709
2929 11242
2929 11242
2931 11769
2932 12179
2932 12179
2934 12291
2935 12291
2935 12291
2938 11133
2938 11133
2940 11431
2941 11384
2941 11733
2943 2070
2943 2070
2943 2070
2944 2070
2944 2070
2949 11703
2950 11933
2951 11464
2952 12010
2953 12253
2954 12173
2955 11793
2956 11159
2956 11159
2958 11307
2959 12110
2961 12903
2962 12209
2963 11273
2964 11382
2965 11634
2966 12129
2967 11317
2968 13356
2969 11363
2970 11224
2972 2134
2972 2134
2972 2134
2973 12396
2976 12945
2977 11432
2978 11800
2979 11389
2980 11249
2981 11110
2982 12297
2984 11842
2984 11263
2986 1822
2986 1822
2986 1822
2987 1822
2987 1822
2991 12513
2992 11300
2993 11244
2995 12176
2997 12199
2997 12199
2997 12199
2997 12199
2997 12199
2997 12199
2997 12199
2997 12199
2997 12199
2997 12199
2997 12199
2997 12199
2997 12199
2997 12199
2997 12199
2997 12199
2997 12199
2997 12199
2997 12199
2997 12199
2997 12199
2997 12199
2997 12199
2997 12199
2997 12199
2997 12199
2997 12199
2997 12199
2997 12199
2997 12199
2997 12199
2997 12199
2997 12199
2997 12199
2997 12199
2997 12199
2997 12199
2997 12199
2997 12199
2997 12199
2997 12199
2997 12199
2997 12199
2997 12199
2997 12199
2997 12199
2997 12199
2997 12199
2997 12199
2997 12199
2997 12199
2997 12199
2997 12199
2997 12199
2997 12199
2997 12199
2997 12199
2997 12199
2997 12199
2997 12199
2997 12199
2997 12199
2997 12199
2997 12199
2997 12199
2997 12199
2997 12199
2997 12199
2997 12199
2997 12199
2997 12199
2997 12199
2997 12199
2997 12199
