0 0
0 0
0 0
2 4054
3 4331
3 4567
5 2022
5 2022
5 2022
5 2022
9 4006
11 1689
11 1689
11 1689
12 1689
12 1689
12 4627
17 1700
17 1700
17 1700
18 1700
22 4421
22 4425
24 1760
24 1760
24 1760
25 1760
25 5033
29 1966
29 1966
29 1966
30 1966
34 5174
35 4335
35 4050
37 1665
37 1665
37 1665
38 1665
38 1665
42 4343
44 4000
45 4270
46 3972
47 4417
47 4694
49 2267
49 2267
49 2267
50 2267
50 2267
54 4087
56 5152
57 4043
58 4254
59 4609
59 3992
61 2220
61 2220
61 2220
61 2220
65 4010
67 5345
68 4821
69 4220
70 5287
70 5485
72 1718
72 1718
72 1718
72 3990
76 2917
76 2917
76 2917
80 4269
80 4063
82 1670
82 1670
82 1670
82 1670
86 4262
87 3981
88 4559
90 4269
90 4005
92 2274
92 2274
92 2274
93 2274
93 2274
97 4058
98 5324
99 5062
100 4656
102 1656
102 1656
102 1656
102 1656
106 4951
107 5478
108 4322
109 4019
109 4012
111 1790
111 1790
112 1790
112 1790
112 4094
117 2518
117 2518
117 2518
118 2518
118 2518
118 5074
123 2480
123 2480
124 2480
124 2480
128 5128
129 5106
130 4022
131 4075
132 4092
133 4606
134 4607
136 5680
136 4704
138 1648
138 1648
138 1648
139 1648
139 4587
143 2236
143 2236
143 2236
144 2236
144 5374
149 3137
149 3137
149 3137
150 3137
150 4633
154 1683
154 1683
154 1683
155 1683
159 4449
160 4053
161 4592
162 4063
163 4104
163 4348
165 2131
165 2131
165 2131
166 2131
166 2131
171 4366
171 4195
173 2275
173 2275
173 2275
174 2275
174 2275
178 4937
179 4008
180 4960
182 4118
183 5037
184 5102
185 4983
186 4630
187 4742
187 4045
189 1954
189 1954
189 1954
190 1954
194 5037
195 4062
195 4005
197 1652
197 1652
197 1652
198 1652
198 4465
202 1994
202 1994
203 1994
203 1994
203 4064
208 2219
208 2219
208 2219
209 2219
209 2219
213 3973
214 4245
215 3973
216 4013
218 2481
218 2481
218 2481
218 2481
222 4823
223 4497
223 4918
225 2621
225 2621
225 2621
225 4720
230 2705
230 2705
230 2705
230 2705
230 4956
235 1652
235 1652
235 1652
236 1652
240 4052
241 4094
242 4541
243 4567
244 5520
244 5166
246 1769
246 1769
246 1769
247 1769
247 4008
252 1950
252 1950
252 1950
253 1950
253 1950
257 4283
258 4053
259 4403
260 5255
261 4053
263 4483
264 3934
265 4311
266 5099
267 5140
268 4514
269 4086
269 4048
271 1746
271 1746
271 1746
275 5017
275 4975
277 1736
277 1736
277 1736
278 1736
278 1736
278 5170
283 2500
283 2500
284 2500
284 2500
284 4946
289 2299
289 2299
289 2299
289 2299
293 4007
294 4068
294 5965
296 3236
296 3236
296 3236
300 4992
301 4743
302 4041
303 4460
304 5059
305 4012
306 4009
307 4553
309 4022
310 5376
310 4984
312 1801
312 1801
312 1801
312 1801
316 4381
317 4812
318 4870
320 4303
320 4096
322 1688
322 1688
322 1688
323 1688
323 1688
327 4033
328 4320
328 4270
330 1691
330 1691
331 1691
331 5189
335 1710
335 1710
335 1710
336 1710
336 1710
340 4971
341 4639
343 1683
343 1683
343 1683
344 1683
344 1683
348 4048
349 4407
349 4026
351 1702
351 1702
351 1702
355 3339
355 3339
355 3339
356 3339
356 3339
360 4650
361 4805
362 5364
363 4330
363 4038
365 2938
365 2938
365 5681
369 2217
369 2217
369 2217
369 4320
373 1661
373 1661
373 1661
374 1661
378 4865
379 5580
380 4110
381 3985
382 3982
383 5008
384 5019
385 4004
386 5912
386 4110
388 1711
388 1711
389 1711
389 1711
393 4577
394 3993
395 4575
396 4299
396 5045
398 2258
398 2258
399 2258
399 2258
403 4066
404 3994
405 5213
405 4898
407 1671
407 1671
407 1671
408 1671
408 1671
413 3152
413 3152
413 3152
414 3152
414 3152
414 5428
419 1677
419 1677
419 1677
419 4024
423 1692
423 1692
424 1692
424 1692
428 5067
429 3997
430 4608
431 4061
432 3981
433 4174
434 4955
436 4323
437 4430
438 4322
438 4043
440 1940
440 1940
440 1940
441 1940
441 4480
445 1687
445 1687
445 1687
445 5039
450 2060
450 2060
450 2060
451 2060
451 4053
455 1682
455 1682
455 1682
456 1682
460 4033
461 4485
462 4021
463 5010
464 4831
465 4058
465 4905
467 2248
467 2248
468 2248
468 2248
468 4839
473 1676
473 1676
473 1676
474 1676
474 1676
474 5265
479 2945
479 2945
480 2945
480 2945
484 4416
484 4055
486 2131
486 2131
486 2131
486 2131
490 4025
491 4316
493 5807
494 4053
495 4030
496 5379
496 6132
498 3018
498 3018
498 3018
499 3018
499 3018
503 4301
505 1720
505 1720
505 1720
506 1720
506 1720
506 4437
511 1711
511 1711
511 1711
512 1711
516 2709
516 2709
516 2709
517 2709
517 4835
521 1758
521 1758
521 1758
522 1758
522 1758
526 4245
528 1877
528 1877
528 1877
529 1877
529 1877
533 4904
534 5347
535 5306
536 4614
537 5051
539 4023
540 3989
541 4426
542 4177
543 3961
544 5183
545 4637
546 4533
546 4634
548 1742
548 1742
548 1742
552 4890
552 4465
554 1667
554 1667
554 1667
554 1667
558 5027
559 4986
560 4271
562 1688
562 1688
562 1688
563 1688
563 1688
567 3988
568 4594
569 4016
570 4018
570 4051
572 2443
572 2443
572 4939
576 1676
576 1676
576 1676
576 1676
576 4339
581 2087
581 2087
581 2087
582 2087
586 4228
587 4027
588 5135
588 4013
590 2440
590 2440
590 2440
591 2440
591 2440
595 5071
597 2747
597 2747
597 2747
597 4519
601 3179
601 3179
601 3179
601 3179
605 4403
606 4640
608 3968
609 5343
610 4999
611 5034
612 4053
613 4095
614 3983
614 4513
616 1660
616 1660
616 1660
617 4404
621 1781
621 1781
621 1781
622 1781
622 1781
626 3996
627 4318
628 4229
629 4365
631 4022
631 5184
633 1677
633 1677
633 1677
634 1677
634 1677
638 3981
638 5107
640 2478
640 2478
641 2478
641 2478
641 3976
646 3037
646 3037
646 3037
647 3037
647 3037
651 5614
652 4331
654 4971
654 5427
656 1922
656 1922
656 1922
657 1922
657 4318
661 2134
661 2134
661 2134
662 2134
666 4546
667 4578
667 4996
669 1849
669 1849
669 1849
670 1849
670 1849
670 4331
675 2319
675 2319
676 2319
676 4028
680 1686
680 1686
680 1686
680 1686
684 4496
685 5535
686 5578
687 4589
689 4220
690 5035
691 4486
692 4054
693 4261
694 4329
695 4586
696 4068
697 5019
698 4014
700 4282
700 4463
702 1904
702 1904
702 1904
703 1904
703 1904
707 4044
708 3997
709 4323
710 4017
712 5038
712 4202
714 1713
714 1713
714 1713
714 4020
718 2138
718 2138
718 2138
719 2138
723 3946
723 4587
725 3260
725 3260
725 3260
726 3260
726 4645
730 1723
730 1723
730 1723
730 4105
734 3188
734 3188
734 3188
738 4558
738 4054
740 2013
740 2013
740 2013
741 2013
741 2013
746 1730
746 1730
746 1730
747 1730
747 4583
751 1679
751 1679
751 1679
752 1679
752 1679
756 5015
758 4012
758 4156
760 1656
760 1656
760 1656
760 1656
760 4056
765 1713
765 1713
765 1713
766 1713
770 5083
770 4277
772 2622
772 2622
772 2622
773 2622
773 2622
777 4877
778 4326
779 5226
780 4507
782 1674
782 1674
782 1674
783 1674
783 1674
787 4051
788 4000
789 4001
789 4011
791 3281
791 3281
791 4170
795 1661
795 1661
795 1661
796 1661
796 4951
800 1678
800 1678
800 1678
801 1678
805 5200
805 4363
807 2125
807 2125
807 2125
808 2125
808 2125
812 4018
813 4987
815 4076
816 4082
816 4150
818 1676
818 1676
818 1676
819 1676
819 1676
819 5421
824 1705
824 1705
825 1705
825 1705
829 5184
830 4381
831 4055
832 4194
833 4554
834 4080
834 5120
836 2211
836 2211
837 2211
837 2211
841 5114
841 4736
843 2297
843 2297
843 2297
844 2297
844 4095
848 2623
848 2623
849 2623
849 4343
853 1713
853 1713
853 1713
853 4016
857 2139
857 2139
857 2139
857 4290
862 1951
862 1951
862 1951
863 1951
863 1951
867 4231
868 4296
869 4017
870 4204
871 5139
873 4162
874 3962
875 3944
876 4219
876 4100
878 1668
878 1668
878 1668
879 1668
879 1668
884 4284
885 3990
886 4749
887 4799
888 3986
889 4134
890 4000
891 4001
892 4292
893 4867
894 5364
896 4356
896 4308
898 1690
898 1690
898 1690
899 1690
899 1690
903 4035
903 4638
905 1653
905 1653
905 1653
909 5644
910 4047
911 4274
912 4031
913 3991
914 3962
915 5026
916 5033
917 4049
919 2014
919 2014
919 2014
920 2014
920 5033
924 1694
924 1694
924 1694
925 1694
925 4295
929 1658
929 1658
929 4019
933 1959
933 1959
933 1959
933 1959
937 5183
938 5058
939 4102
940 3979
941 4022
943 1652
943 1652
943 1652
943 4392
947 1650
947 1650
947 1650
948 1650
948 1650
952 5171
954 4307
954 4053
956 2206
956 2206
956 2206
957 2206
957 2206
957 4001
962 1669
962 1669
963 1669
963 1669
967 4936
968 4265
968 4344
970 1710
970 1710
970 1710
971 1710
971 5149
975 2390
975 2390
976 2390
976 2390
980 4054
981 5175
982 4379
983 3996
984 4464
984 4043
986 1654
986 1654
986 1654
990 4506
991 4189
992 4737
992 4461
994 1732
994 1732
994 1732
995 1732
995 1732
1000 4667
1001 4318
1001 3988
1003 2103
1003 2103
1003 2103
1004 2103
1004 2103
1008 4086
1009 3994
1010 5005
1012 2035
1012 2035
1012 2035
1013 2035
1013 2035
1017 5038
1018 5611
1019 4044
1020 4093
1020 4062
1022 1724
1022 1724
1023 1724
1023 1724
1023 4055
1028 2515
1028 2515
1028 2515
1029 2515
1029 2515
1034 4192
1035 4067
1036 5122
1036 4067
1038 1668
1038 1668
1038 1668
1038 1668
1042 4327
1042 4024
1044 1657
1044 1657
1045 1657
1045 1657
1049 3992
1050 4559
1050 4266
1052 1654
1052 1654
1052 1654
1053 1654
1057 4657
1057 4354
1059 1713
1059 1713
1059 1713
1060 1713
1060 4651
1064 1733
1064 1733
1064 1733
1065 1733
1069 5104
1070 4166
1071 3975
1072 4015
1072 4299
1074 3177
1074 3177
1074 3177
1075 3177
1075 4074
1079 2206
1079 2206
1080 2206
1080 5246
1084 1758
1084 1758
1084 1758
1085 1758
1085 1758
1089 3983
1090 4083
1092 2654
1092 2654
1092 2654
1092 4295
1096 1666
1096 1666
1096 1666
1096 1666
1100 4009
1101 4590
1103 4034
1104 4047
1105 5044
1106 4074
1107 4091
1108 4163
1109 4327
1110 4003
1111 4630
1112 4006
1113 6013
1115 1667
1115 1667
1115 1667
1115 1667
1119 4017
1120 5074
1121 4597
1122 3984
1123 4519
1124 4053
1126 4001
1127 4933
1127 4061
1129 1936
1129 1936
1129 1936
1130 1936
1130 4981
1134 2101
1134 2101
1134 2101
1135 2101
1135 4376
1140 1727
1140 1727
1140 1727
1141 1727
1141 1727
1145 4035
1145 4302
1147 1687
1147 1687
1147 1687
1151 5065
1152 5428
1153 5247
1154 3961
1154 4934
1156 2213
1156 2213
1156 2213
1157 2213
1157 4630
1162 1658
1162 1658
1162 1658
1162 1658
1166 4531
1167 4043
1167 4079
1169 1663
1169 1663
1170 1663
1170 4048
1174 1647
1174 1647
1174 1647
1175 1647
1175 1647
1179 3988
1179 4104
1181 1657
1181 1657
1181 1657
1181 5210
1186 1732
1186 1732
1186 1732
1187 1732
1187 1732
1191 4822
1192 5160
1193 5017
1195 1669
1195 1669
1195 1669
1196 1669
1196 1669
1200 4697
1201 3987
1202 4025
1202 4906
1204 1704
1204 1704
1205 1704
1205 1704
1205 4084
1210 2627
1210 2627
1210 2627
1211 2627
1211 4477
1215 3275
1215 3275
1215 3275
1215 4357
1220 1686
1220 1686
1220 1686
1221 1686
1221 4279
1225 1699
1225 1699
1225 1699
1225 1699
1230 4137
1231 4657
1232 4048
1233 3994
1234 4591
1235 4982
1235 5271
1237 1880
1237 1880
1237 1880
1238 1880
1242 4065
1243 5597
1244 5233
1245 4659
1246 4606
1247 4092
1248 4330
1249 4000
1250 4846
1250 5009
1252 1671
1252 1671
1252 1671
1256 4482
1257 4670
1258 5171
1259 4229
1260 6184
1261 5030
1262 3993
1264 4879
1264 4189
1266 2174
1266 2174
1266 2174
1266 2174
1270 4225
1271 4086
1272 5027
1272 4859
1274 1668
1274 1668
1275 1668
1275 4409
1279 3419
1279 3419
1279 3419
1280 3419
1280 3419
1284 4338
1285 3964
1286 4741
1288 1727
1288 1727
1288 1727
1289 1727
1289 4285
1293 1728
1293 1728
1293 1728
1293 1728
1297 4344
1299 3990
1299 4563
1301 1945
1301 1945
1301 1945
1302 1945
1302 1945
1302 4014
1307 2706
1307 2706
1308 2706
1308 2706
1308 3953
1313 1941
1313 1941
1313 1941
1313 1941
1317 4975
1318 3989
1319 5330
1319 4355
1321 1770
1321 1770
1322 1770
1322 4627
1326 1827
1326 1827
1326 1827
1327 1827
1327 1827
1327 5297
1332 1735
1332 1735
1333 1735
1333 4029
1337 1755
1337 1755
1337 1755
1338 1755
1338 1755
1338 5273
1343 3163
1343 3163
1344 3163
1344 3163
1348 4263
1349 4083
1349 4641
1351 1699
1351 1699
1351 1699
1352 1699
1352 1699
1357 4582
1358 4309
1359 3976
1360 5013
1361 4338
1362 4248
1362 3996
1364 1644
1364 1644
1364 1644
1365 1644
1369 3958
1369 3963
1371 2666
1371 2666
1371 2666
1372 2666
1372 2666
1376 4066
1377 3950
1377 4011
1379 1663
1379 1663
1380 1663
1380 1663
1380 4549
1385 2667
1385 2667
1385 2667
1385 2667
1389 4776
1390 4060
1392 1656
1392 1656
1392 1656
1392 1656
1396 4959
1396 5013
1398 2635
1398 2635
1398 2635
1398 2635
1403 5516
1404 4928
1404 4141
1406 1735
1406 1735
1406 1735
1407 1735
1407 4281
1411 2095
1411 2095
1412 2095
1412 4868
1416 1673
1416 1673
1416 1673
1417 1673
1417 1673
1421 5446
1422 4905
1422 5320
1424 1652
1424 1652
1424 1652
1428 3924
1429 3975
1430 4235
1431 4091
1432 3986
1433 5010
1434 4027
1434 3979
1436 1731
1436 1731
1437 1731
1437 1731
1441 4408
1441 4076
1443 1707
1443 1707
1443 1707
1444 1707
1444 1707
1449 2688
1449 2688
1449 2688
1450 2688
1450 2688
1454 3947
1455 5231
1456 4416
1457 4041
1458 4573
1459 4325
1461 3494
1461 3494
1461 3494
1462 3494
1462 3494
1466 4329
1466 4119
1468 1962
1468 1962
1468 1962
1469 1962
1473 4068
1473 4287
1475 1697
1475 1697
1475 1697
1476 1697
1476 1697
1480 4017
1481 4303
1483 4017
1483 5255
1485 1663
1485 1663
1485 1663
1486 1663
1486 3974
1490 1669
1490 1669
1490 1669
1491 1669
1491 4369
1496 3005
1496 3005
1496 3005
1497 3005
1497 5069
1501 1694
1501 1694
1501 1694
1502 1694
1506 4961
1507 4074
1508 4271
1509 4056
1510 3989
1511 4296
1512 3979
1513 5031
1514 4053
1514 4308
1516 1659
1516 1659
1516 4320
1520 2017
1520 2017
1520 2017
1520 2017
1524 3993
1524 4255
1526 1698
1526 1698
1526 1698
1526 3967
1531 1693
1531 1693
1531 1693
1532 1693
1532 1693
1532 5182
1537 3202
1537 3202
1537 3202
1538 3202
1542 4954
1543 4714
1543 4288
1545 2895
1545 2895
1545 2895
1546 2895
1546 2895
1550 4927
1551 4788
1553 1713
1553 1713
1553 1713
1554 1713
1554 4978
1558 1674
1558 1674
1558 1674
1559 1674
1559 1674
1564 5264
1564 4075
1566 2685
1566 2685
1566 2685
1567 2685
1567 4041
1571 2009
1571 2009
1571 2009
1571 4586
1576 2107
1576 2107
1576 2107
1577 2107
1577 2107
1581 4032
1581 4419
1583 1710
1583 1710
1583 1710
1584 1710
1584 4022
1589 1925
1589 1925
1589 1925
1590 1925
1590 1925
1594 4113
1595 4525
1596 4034
1598 1959
1598 1959
1598 1959
1599 1959
1599 1959
1603 3958
1604 5070
1605 3992
1606 4567
1606 5018
1608 2004
1608 2004
1609 2004
1609 2004
1613 4617
1614 4237
1615 4972
1616 5381
1617 4716
1618 4600
1619 4029
1619 4067
1621 3094
1621 3094
1622 3094
1622 3094
1622 4087
1627 1682
1627 1682
1627 1682
1628 1682
1628 1682
1633 4836
1634 3960
1634 4008
1636 2991
1636 2991
1636 2991
1637 2991
1637 4275
1641 1715
1641 1715
1641 1715
1642 1715
1642 4283
1647 1636
1647 1636
1647 1636
1648 1636
1648 1636
1652 4887
1653 4438
1654 4113
1656 4740
1657 4601
1658 5161
1659 4910
1659 4061
1661 1718
1661 1718
1661 1718
1662 1718
1662 1718
1666 5109
1668 1702
1668 1702
1668 1702
1669 1702
1669 5044
1673 1698
1673 1698
1673 1698
1673 4048
1677 1686
1677 1686
1678 1686
1678 1686
1678 4646
1683 1692
1683 1692
1683 1692
1684 1692
1684 5072
1688 2180
1688 2180
1689 2180
1689 2180
1693 4063
1694 5546
1695 5480
1696 5021
1697 4325
1698 4762
1698 5139
1700 1709
1700 1709
1701 1709
1701 1709
1701 4477
1706 2665
1706 2665
1706 2665
1707 2665
1707 2665
1707 4014
1712 1682
1712 1682
1713 1682
1713 1682
1717 4905
1718 4435
1719 4296
1720 4612
1721 4045
1721 4074
1723 1724
1723 1724
1724 1724
1724 1724
1728 5420
1729 4510
1730 4028
1731 5162
1732 5443
1733 5584
1734 4905
1734 4224
1736 1669
1736 1669
1737 1669
1737 1669
1741 4035
1742 4052
1743 4169
1744 5074
1745 4403
1746 4984
1748 4045
1748 5049
1750 1933
1750 1933
1750 1933
1751 1933
1751 4898
1755 1687
1755 1687
1755 1687
1756 1687
1760 4843
1761 4769
1762 4538
1763 4497
1764 4842
1765 3990
1766 4727
1767 6152
1767 5124
1769 2560
1769 2560
1770 2560
1770 5972
1774 1712
1774 1712
1774 1712
1775 1712
1775 1712
1779 4562
1780 3966
1781 4014
1783 2230
1783 2230
1783 2230
1784 2230
1784 2230
1788 4225
1789 5022
1790 5616
1790 4359
1792 1701
1792 1701
1793 1701
1793 1701
1797 5714
1797 5004
1799 1753
1799 1753
1799 1753
1800 1753
1800 1753
1804 4978
1805 4489
1807 1659
1807 1659
1807 1659
1807 4514
1811 2139
1811 2139
1811 2139
1812 2139
1812 2139
1817 4050
1818 4604
1818 5170
1820 1687
1820 1687
1820 1687
1820 1687
1824 4281
1825 3988
1826 4656
1826 4947
1828 1672
1828 1672
1829 1672
1829 1672
1829 5551
1834 2162
1834 2162
1834 2162
1835 2162
1835 2162
1840 4998
1840 4907
1842 1973
1842 1973
1842 1973
1843 1973
1843 1973
1847 4014
1847 5158
1849 2045
1849 2045
1850 2045
1850 2045
1854 4098
1855 4990
1856 5213
1857 4124
1858 4275
1859 3973
1860 4057
1861 4223
1863 5165
1864 4061
1864 5338
1866 1684
1866 1684
1866 1684
1867 1684
1867 1684
1867 4479
1872 1707
1872 1707
1873 1707
1873 4584
1877 3013
1877 3013
1877 3013
1878 3013
1878 3013
1882 3975
1883 4301
1884 5313
1886 4361
1887 5802
1888 5332
1889 4720
1889 4328
1891 3174
1891 3174
1891 3174
1892 3174
1892 4045
1896 1956
1896 1956
1897 1956
1897 1956
1901 4023
1902 4004
1903 4389
1903 4033
1905 1729
1905 1729
1905 1729
1906 1729
1910 2233
1910 2233
1910 2233
1911 2233
1911 5158
1915 2672
1915 2672
1915 2672
1915 2672
1919 4056
1920 5025
1922 1703
1922 1703
1922 1703
1922 1703
1926 4031
1927 5512
1928 5358
1929 4978
1930 4614
1931 4219
1933 4020
1933 4084
1935 3286
1935 3286
1935 3286
1935 4326
1939 1669
1939 1669
1939 1669
1940 1669
1944 1659
1944 1659
1944 1659
1944 4371
1948 1648
1948 1648
1948 1648
1948 4040
1952 1736
1952 1736
1952 1736
1956 4586
1957 5315
1958 4824
1958 4252
1960 1992
1960 1992
1960 1992
1961 1992
1961 4567
1965 3238
1965 3238
1966 3238
1966 3238
1970 4009
1971 5017
1971 5261
1973 1697
1973 1697
1973 1697
1974 1697
1974 1697
1979 4663
1980 5006
1981 4568
1981 4211
1983 1791
1983 1791
1983 1791
1984 1791
1984 1791
1988 4205
1990 2644
1990 2644
1990 2644
1991 2644
1991 2644
1995 4279
1996 3969
1997 4551
1998 4223
1999 4054
2000 3988
2002 1699
2002 1699
2002 1699
2003 1699
2003 1699
2007 4183
2008 4303
2009 5058
2010 4228
2010 4068
2012 2007
2012 2007
2012 2007
2016 5088
2016 4354
2018 2119
2018 2119
2018 2119
2019 2119
2019 2119
2023 5083
2025 4538
2026 4329
2027 3994
2028 3990
2028 4030
2030 1956
2030 1956
2030 1956
2030 4085
2034 1773
2034 1773
2034 1773
2038 5002
2039 4302
2039 4603
2041 2187
2041 2187
2041 2187
2042 2187
2042 2187
2042 4116
2047 1678
2047 1678
2047 4088
2051 3366
2051 3366
2051 3366
2052 3366
2052 3366
2056 4837
2057 3981
2059 1694
2059 1694
2059 1694
2059 1694
2063 4594
2064 4646
2064 4015
2066 1648
2066 1648
2066 1648
2067 1648
2071 1850
2071 1850
2071 1850
2072 1850
2072 1850
2076 4043
2077 4271
2078 4052
2079 4012
2080 5115
2082 3733
2082 3733
2082 3733
2082 3733
2086 4392
2086 5038
2088 1738
2088 1738
2088 1738
2089 1738
2089 4753
2093 1933
2093 1933
2094 1933
2094 1933
2098 4091
2099 4053
2100 4761
2101 4109
2101 5057
2103 1969
2103 1969
2104 1969
2104 1969
2108 3989
2109 5004
2110 4597
2111 5081
2112 3996
2113 3934
2113 4257
2115 1728
2115 1728
2116 1728
2116 1728
2120 4560
2121 4312
2122 5530
2122 4702
2124 2795
2124 2795
2124 2795
2125 2795
2129 4002
2130 3939
2131 4317
2132 4859
2133 5065
2134 4202
2134 5212
2136 2253
2136 2253
2136 2253
2140 5958
2140 4048
2142 1663
2142 1663
2142 1663
2143 1663
2143 1663
2147 5017
2148 3998
2149 4069
2151 3984
2152 3963
2153 5101
2153 5118
2155 1680
2155 1680
2155 1680
2156 1680
2156 4864
2160 1751
2160 1751
2161 1751
2161 1751
2165 4636
2165 3982
2167 1665
2167 1665
2167 1665
2168 1665
2168 4317
2172 1694
2172 1694
2173 1694
2173 4886
2177 1682
2177 1682
2177 1682
2178 1682
2178 1682
2182 3998
2183 5057
2184 5019
2185 4236
2187 2713
2187 2713
2187 2713
2188 2713
2188 4916
2192 1696
2192 1696
2192 1696
2193 1696
2197 5392
2197 4916
2199 1696
2199 1696
2199 1696
2200 1696
2200 1696
2200 4991
2205 2251
2205 2251
2205 2251
2206 2251
2206 4256
2211 1655
2211 1655
2211 1655
2212 1655
2212 1655
2216 4588
2217 5016
2218 4003
2220 3229
2220 3229
2220 3229
2221 3229
2221 4563
2225 1708
2225 1708
2225 1708
2225 1708
2229 4263
2229 3996
2231 2235
2231 2235
2231 2235
2235 4798
2235 4614
2237 1759
2237 1759
2237 1759
2238 1759
2238 1759
2243 3984
2244 4329
2245 4880
2245 4002
2247 1711
2247 1711
2247 1711
2248 1711
2248 1711
2252 4005
2253 4004
2254 4029
2256 3244
2256 3244
2256 3244
2257 3244
2257 3244
2257 3959
2262 1662
2262 1662
2262 1662
2263 1662
2267 4034
2268 3971
2268 4287
2270 2891
2270 2891
2270 2891
2271 2891
2271 2891
2275 4014
2276 4013
2278 5228
2279 5415
2279 5426
2281 2018
2281 2018
2281 2018
2282 2018
2282 4904
2286 2200
2286 2200
2287 2200
2287 2200
2287 4051
2292 2045
2292 2045
2292 2045
2292 2045
2292 4022
2297 1670
2297 1670
2297 1670
2297 4129
2302 2543
2302 2543
2302 2543
2303 2543
2303 2543
2307 5158
2308 4124
2308 4066
2310 2514
2310 2514
2310 3987
2314 2142
2314 2142
2314 2142
2315 2142
2315 2142
2319 3981
2320 4037
2321 5072
2322 5694
2324 4644
2325 4251
2326 4009
2327 4472
2327 3974
2329 2187
2329 2187
2329 2187
2330 2187
2330 2187
2334 4269
2336 5972
2337 4993
2338 5403
2339 4828
2340 4441
2341 4246
2342 4083
2343 4497
2344 5376
2345 4138
2347 5011
2347 4503
2349 2036
2349 2036
2349 2036
2349 4816
2353 2490
2353 2490
2353 2490
2354 2490
2354 2490
2359 4908
2360 3998
2361 4389
2362 4665
2363 4011
2364 4015
2364 5228
2366 2270
2366 2270
2366 2270
2367 2270
2367 4557
2372 3076
2372 3076
2372 3076
2373 3076
2373 3076
2377 4240
2378 4007
2379 3986
2379 5395
2381 1712
2381 1712
2381 1712
2385 4018
2385 4307
2387 3194
2387 3194
2387 3194
2387 3194
2391 4062
2393 4373
2394 3993
2395 4957
2396 4593
2396 4345
2398 1710
2398 1710
2398 1710
2399 1710
2399 1710
2399 4646
2404 1759
2404 1759
2404 1759
2404 4338
2409 3189
2409 3189
2409 3189
2410 3189
2410 3189
2414 4031
2415 5046
2417 3257
2417 3257
2417 3257
2418 3257
2418 4020
2422 2019
2422 2019
2422 2019
2423 2019
2423 4156
2427 2644
2427 2644
2428 2644
2428 2644
2428 5073
2433 1682
2433 1682
2433 1682
2434 1682
2434 4000
2438 1650
2438 1650
2438 4971
2442 2213
2442 2213
2442 2213
2443 2213
2443 2213
2447 4079
2448 4065
2449 5464
2451 3998
2452 4078
2452 4809
2454 1664
2454 1664
2454 1664
2455 1664
2455 1664
2459 4043
2460 3992
2462 4021
2463 4952
2464 4017
2465 4039
2466 4015
2467 3973
2468 5026
2469 4847
2469 5326
2471 2870
2471 2870
2472 2870
2472 2870
2472 5167
2477 1689
2477 1689
2477 1689
2478 1689
2478 1689
2482 3943
2483 5132
2485 5123
2486 4008
2487 3957
2487 4997
2489 1674
2489 1674
2489 1674
2490 1674
2490 4605
2494 1728
2494 1728
2495 1728
2495 1728
2499 4282
2500 5059
2501 4001
2502 4016
2503 4037
2503 4087
2505 2053
2505 2053
2505 2053
2509 4061
2509 4069
2511 1701
2511 1701
2511 1701
2512 1701
2512 1701
2516 4038
2517 4070
2518 4047
2519 4966
2521 2019
2521 2019
2521 2019
2522 2019
2522 2019
2526 4613
2527 6173
2528 4164
2529 5046
2531 4010
2532 4009
2533 3959
2534 3969
2535 5014
2536 6079
2536 4467
2538 1672
2538 1672
2538 1672
2538 1672
2543 4950
2544 4105
2545 4982
2546 4126
2546 3995
2548 1678
2548 1678
2548 1678
2549 1678
2549 1678
2554 4078
2555 4016
2556 4006
2556 5241
2558 2166
2558 2166
2558 2166
2559 2166
2559 4266
2563 1669
2563 1669
2564 1669
2564 1669
2568 3982
2569 3951
2570 3929
2570 4024
2572 2160
2572 2160
2572 2160
2573 2160
2573 2160
2578 3994
2579 4955
2580 5087
2581 4104
2582 4051
2583 4030
2584 4000
2585 3987
2586 5066
2587 5146
2589 4485
2589 4590
2591 1663
2591 1663
2591 1663
2592 1663
2592 1663
2596 3993
2597 3987
2598 4460
2599 4072
2600 4884
2602 2242
2602 2242
2602 2242
2602 2242
2606 3974
2606 3959
2608 3219
2608 3219
2608 3219
2609 3219
2613 4022
2614 4014
2615 4981
2616 4101
2617 4908
2617 4093
2619 1688
2619 1688
2619 1688
2620 1688
2624 2006
2624 2006
2624 2006
2624 2006
2628 5498
2629 4313
2629 5079
2631 2958
2631 2958
2631 2958
2632 2958
2636 4546
2636 5274
2638 1744
2638 1744
2638 1744
2639 1744
2639 1744
2639 5144
2644 2219
2644 2219
2644 2219
2648 4558
2649 4695
2650 4008
2651 4080
2652 5263
2653 4398
2654 3989
2655 4349
2655 5118
2657 1739
2657 1739
2658 1739
2658 1739
2658 4625
2663 2462
2663 2462
2663 2462
2663 5231
2667 2055
2667 2055
2668 2055
2668 3993
2672 2456
2672 2456
2672 2456
2673 2456
2673 2456
2677 4005
2677 4396
2679 1656
2679 1656
2680 1656
2680 4244
2684 1699
2684 1699
2684 1699
2684 4741
2688 1895
2688 1895
2688 1895
2689 1895
2693 4359
2694 5226
2694 4674
2696 2100
2696 2100
2696 2100
2696 2100
2696 4378
2701 2172
2701 2172
2701 2172
2705 3975
2705 4279
2707 1645
2707 1645
2707 1645
2707 1645
2711 4056
2712 4307
2713 4310
2714 4043
2716 4181
2717 5189
2718 4065
2719 4513
2720 4072
2721 4044
2721 4843
2723 1676
2723 1676
2723 1676
2727 4072
2728 4278
2729 4211
2730 3969
2730 5690
2732 2308
2732 2308
2732 2308
2733 2308
2733 4373
2737 1703
2737 1703
2738 1703
2738 1703
2742 4055
2743 4020
2743 4832
2745 2064
2745 2064
2745 2064
2745 2064
2750 3994
2751 4495
2752 4010
2753 4029
2754 5021
2755 4471
2756 4068
2756 4071
2758 1700
2758 1700
2758 1700
2762 5073
2763 4111
2763 4287
2765 1662
2765 1662
2765 1662
2766 1662
2766 1662
2770 4064
2771 4009
2773 4763
2774 4002
2774 5760
2776 2274
2776 2274
2776 2274
2777 2274
2777 2274
2781 4406
2782 4803
2783 4925
2785 2024
2785 2024
2785 2024
2785 2024
2785 5278
2790 1709
2790 1709
2790 1709
2790 1709
2794 3988
2796 4967
2797 4223
2797 4973
2799 1983
2799 1983
2799 1983
2800 1983
2800 4147
2804 2091
2804 2091
2804 2091
2805 2091
2805 4125
2810 2713
2810 2713
2810 2713
2811 2713
2811 2713
2815 4320
2815 4045
2817 1677
2817 1677
2818 1677
2818 1677
2818 4037
2823 2496
2823 2496
2823 2496
2824 2496
2824 5085
2828 1677
2828 1677
2828 1677
2832 4020
2832 4801
2834 3085
2834 3085
2834 3085
2835 3085
2835 3085
2839 4390
2840 5013
2841 4787
2843 1682
2843 1682
2843 1682
2843 1682
2847 5139
2848 4371
2849 4973
2849 4462
2851 2623
2851 2623
2852 2623
2852 2623
2856 4856
2857 4049
2857 4258
2859 1676
2859 1676
2859 1676
2859 1676
2859 5693
2864 1694
2864 1694
2864 4252
2868 2026
2868 2026
2868 2026
2869 2026
2869 4308
2873 1654
2873 1654
2873 1654
2874 1654
2878 5078
2878 4093
2880 1997
2880 1997
2880 1997
2881 1997
2881 1997
2881 5147
2886 1712
2886 1712
2886 1712
2890 4244
2891 4013
2891 5161
2893 3150
2893 3150
2893 3150
2893 3150
2897 4259
2898 4024
2900 4868
2901 3989
2902 4078
2903 4459
2903 4029
2905 1710
2905 1710
2905 1710
2905 1710
2909 4822
2910 3994
2912 4325
2913 5093
2913 5071
2915 1785
2915 1785
2915 1785
2916 1785
2916 1785
2920 4031
2920 6072
2922 3328
2922 3328
2923 3328
2923 4215
2927 1920
2927 1920
2927 1920
2928 1920
2928 1920
2932 4016
2933 4035
2935 5018
2935 5630
2937 1706
2937 1706
2937 1706
2938 1706
2938 12989
2942 1704
2942 1704
2942 1704
2943 4092
2947 1658
2947 1658
2947 1658
2948 1658
2948 1658
2948 4103
2953 1705
2953 1705
2953 1705
2953 1705
2957 5335
2959 1658
2959 1658
2959 1658
2960 1658
2960 1658
2964 4839
2965 5496
2966 4389
2966 5151
2968 1673
2968 1673
2969 1673
2969 1673
2973 5071
2974 4082
2975 4079
2976 3965
2977 3975
2978 4516
2979 5103
2981 4044
2982 4124
2983 3952
2984 4081
2985 4772
2986 5061
2986 4863
2988 1671
2988 1671
2988 1671
2989 1671
2989 4074
2994 2217
2994 2217
2994 2217
2995 2217
2995 2217
2995 2217
2995 2217
2995 2217
2995 2217
2995 2217
2995 2217
2995 2217
2995 2217
2995 2217
2995 2217
2995 2217
2995 2217
2995 2217
2995 2217
2995 2217
2995 2217
2995 2217
2995 2217
2995 2217
2995 2217
2995 2217
2995 2217
2995 2217
2995 2217
2995 2217
2995 2217
2995 2217
2995 2217
2995 2217
2995 2217
2995 2217
2995 2217
2995 2217
2995 2217
2995 2217
2995 2217
2995 2217
2995 2217
2995 2217
2995 2217
2995 2217
2995 2217
2995 2217
2995 2217
2995 2217
2995 2217
2995 2217
2995 2217
2995 2217
2995 2217
2995 2217
2995 2217
2995 2217
2995 2217
2995 2217
2995 2217
2995 2217
2995 2217
2995 2217
2995 2217
2995 2217
2995 2217
2995 2217
2995 2217
2995 2217
2995 2217
2995 2217
2995 2217
2995 2217
2995 2217
2995 2217
2995 2217
2995 2217
2995 2217
2995 2217
