0 0
0 0
0 19631
2 2754
2 2754
2 2754
2 2754
6 20983
8 21648
8 21648
9 21648
9 20206
12 2065
12 2065
12 2065
13 2065
13 2065
17 20021
18 19438
18 20093
20 2675
20 2675
21 2675
21 2675
25 19952
25 19793
27 3331
27 3331
27 3331
28 3331
28 20014
32 2647
32 2647
32 20896
36 2949
36 2949
36 2949
36 2949
40 19689
40 19939
42 3499
42 3499
43 3499
43 3499
47 19400
48 19552
49 20353
49 20816
51 2672
51 2672
51 2672
51 2672
56 2655
56 2655
56 2655
57 2655
57 2655
61 19845
63 21520
63 21520
65 21863
65 21863
67 20739
68 19848
69 19592
70 19630
70 20842
72 3429
72 3429
72 3429
73 3429
73 3429
77 20464
79 2977
79 2977
79 2977
79 2977
83 19848
84 19627
85 19646
86 20718
86 20742
88 1983
88 1983
89 1983
89 1983
93 19855
95 22675
95 22675
96 22675
96 20232
98 17732
98 17732
98 17732
99 17732
99 20018
104 2664
104 2664
104 2664
105 2664
105 20822
109 3091
109 3091
109 3091
110 3091
114 19466
115 21201
115 21004
117 2638
117 2638
117 2638
117 2638
121 19919
122 19393
123 21197
125 20145
126 19854
127 19971
128 20542
129 21161
131 22421
131 22421
132 22421
132 22421
134 20281
135 19488
136 21186
138 3054
138 3054
138 3054
139 3054
139 3054
143 19866
144 21209
145 20757
145 20167
147 2986
147 2986
148 2986
148 19673
152 2802
152 2802
152 2802
153 2802
153 19549
157 2671
157 2671
157 2671
161 21631
162 20053
162 20162
164 2595
164 2595
164 2595
164 2595
169 22047
169 22047
171 20947
172 20902
173 19588
174 20815
174 19567
176 2193
176 2193
176 2193
177 2193
181 21287
181 21287
181 20043
184 2668
184 2668
184 2668
185 2668
185 2668
189 20767
190 19650
191 19459
192 19548
194 21381
194 21381
196 20566
196 19955
198 2632
198 2632
198 2632
198 19571
202 3072
202 3072
202 3072
203 3072
207 19852
208 19524
208 19705
210 2935
210 2935
210 2935
211 2935
211 2935
215 19816
215 20243
217 1977
217 1977
218 1977
222 22643
222 22266
224 22266
224 22266
224 22266
226 22266
226 22266
229 2657
229 2657
229 2657
229 2657
229 19533
234 1955
234 1955
234 1955
234 20825
238 3451
238 3451
242 21680
242 21680
242 21680
244 21680
244 20882
246 2651
246 2651
246 2651
247 2651
251 22013
252 22013
252 22013
254 22013
254 22013
256 19597
257 19907
258 20356
259 19487
260 20836
260 21879
262 3004
262 3004
262 3004
266 28956
267 20900
268 20254
268 20771
270 2670
270 2670
270 2670
271 2670
275 20449
275 20659
277 2669
277 2669
277 2669
278 2669
278 2669
282 21665
282 20717
284 2666
284 2666
284 19494
288 2667
288 2667
288 2667
289 2667
293 21615
293 21615
294 21615
294 21615
294 20675
297 2851
297 2851
298 2851
302 21197
302 21197
303 21197
305 21373
305 21373
306 21373
306 21373
306 19492
309 2612
309 2612
310 2612
310 2612
314 19491
315 19491
316 19434
316 19791
318 2617
318 2617
318 2617
319 19658
323 2681
323 2681
323 2681
324 2681
324 2681
328 19636
328 19729
330 2630
330 2630
331 2630
331 21587
335 2045
335 2045
335 2045
336 2045
336 2045
340 19651
341 20744
342 20846
343 19674
345 2999
345 2999
345 2999
346 2999
346 2999
350 19608
350 19975
352 2866
352 2866
352 2866
357 22052
357 22052
358 22052
358 22052
358 19938
361 2627
361 2627
361 2627
362 2627
362 2627
366 19656
368 19592
369 20735
369 20862
371 3043
371 3043
371 3043
371 3043
371 19723
376 3016
376 3016
376 3016
377 3016
381 19518
381 21169
383 21169
383 21169
383 21169
386 21169
386 20508
388 2656
388 2656
389 2656
389 2656
393 20882
393 19592
395 2663
395 2663
395 2663
395 2663
399 20718
400 20634
401 19774
403 2642
403 2642
403 2642
404 2642
404 21248
408 2647
408 2647
408 2647
409 2647
409 20395
413 2614
413 2614
414 2614
414 19901
418 2148
418 2148
418 2148
419 2148
419 20727
423 2457
423 2457
423 2457
423 19906
428 3375
428 3375
428 21110
432 21110
432 21110
432 21110
434 21110
434 20868
436 2995
436 2995
437 2995
437 21123
441 2797
441 2797
441 2797
441 2797
445 19515
446 19960
446 19440
448 2624
448 2624
449 2624
449 20679
453 2681
453 2681
453 2681
453 2681
457 19607
458 21250
460 19760
461 19661
462 19883
463 19775
464 19445
465 21136
465 20246
467 2671
467 2671
467 2671
467 19971
471 2676
471 2676
472 2676
472 2676
472 19474
477 2627
477 2627
477 2627
481 22518
481 22518
481 22518
484 20245
485 20115
485 19462
487 2990
487 2990
487 2990
488 2990
488 2990
493 21532
494 21532
494 21532
496 21532
496 19884
498 2656
498 2656
498 2656
499 2656
499 2656
504 21046
505 21046
505 21046
505 21046
508 19465
509 20656
510 19792
511 20531
511 19789
513 2648
513 2648
513 2648
513 2648
517 19597
519 1972
519 1972
519 1972
519 1972
523 21961
525 22809
525 22809
525 22809
525 19914
528 2598
528 2598
528 21395
532 2813
532 2813
532 2813
532 2813
536 19661
537 19630
538 22187
539 21489
540 20725
542 2612
542 2612
542 2612
542 2612
546 21366
547 20116
548 19632
549 19576
549 19922
551 2038
551 2038
552 2038
552 2038
556 20036
557 19604
557 19965
559 2645
559 2645
559 2645
560 2645
560 21141
565 2073
565 2073
565 2073
566 2073
566 2073
570 21084
571 20876
571 19585
573 2081
573 2081
574 2081
574 19839
578 2636
578 2636
578 2636
579 2636
579 2636
579 20453
584 2657
584 2657
584 2657
585 2657
585 21249
590 2651
590 2651
590 2651
591 2651
591 2651
595 20145
595 20109
597 3439
597 3439
597 20036
601 3297
601 3297
601 3297
601 21354
605 2660
605 2660
606 21866
606 21866
609 21866
611 3510
611 3510
611 3510
611 3510
615 20002
616 20780
616 19841
618 3021
618 3021
618 3021
619 3021
623 19559
624 20153
624 20616
626 2930
626 2930
626 2930
626 2930
626 19668
631 2658
631 2658
632 2658
632 2658
636 19501
637 19745
638 19568
639 19581
640 20793
641 19581
642 20846
643 19550
644 19562
646 3023
646 3023
646 3023
646 21353
650 2637
650 2637
650 2637
650 2637
654 19816
655 20869
656 19601
658 2651
658 2651
658 2651
659 2651
659 2651
663 20411
664 20190
664 19690
666 2621
666 2621
667 2621
667 2621
671 19549
673 21332
673 21332
674 21332
674 20944
676 2647
676 2647
676 22008
680 22008
680 22008
682 22008
682 22008
682 21365
685 2630
685 2630
685 2630
685 20886
689 2234
689 2234
690 2234
690 2234
690 20620
695 2636
695 2636
695 2636
696 2636
696 2636
700 19622
701 19668
703 2071
703 2071
703 2071
704 2071
704 2071
708 19536
708 19449
710 2638
710 2638
710 2638
710 2638
714 19495
716 2061
716 2061
716 2061
717 2061
717 20924
721 2658
721 2658
721 2658
722 2658
726 21159
726 21342
728 2946
728 2946
728 2946
729 2946
729 2946
733 19560
734 20801
735 20775
736 19756
738 2659
738 2659
738 2659
739 2659
739 2659
743 20136
744 19863
745 19681
746 19515
747 19594
748 19655
750 2858
750 2858
750 2858
750 2858
754 19999
755 20123
755 20793
757 2864
757 2864
757 2864
758 2864
762 20266
763 20607
765 22066
765 22066
765 22066
765 20700
768 2682
768 2682
768 2682
768 2682
773 19872
774 20463
775 19686
776 19814
777 19799
778 20673
778 20554
780 2655
780 2655
780 2655
781 2655
785 20679
786 21514
787 19562
788 20133
788 19858
790 2640
790 2640
790 2640
790 2640
794 20278
795 19764
797 3460
797 3460
797 3460
798 3460
798 3460
802 19735
802 20710
804 2662
804 2662
805 2662
805 2662
809 20606
810 19894
811 20338
813 21440
813 21440
813 21440
815 20542
816 19826
816 20037
818 2630
818 2630
819 2630
819 2630
823 20210
824 19969
824 19841
826 1971
826 1971
826 1971
827 1971
831 19896
832 19646
833 20068
834 19709
835 20246
835 20360
837 2983
837 2983
837 2983
838 2983
842 2944
842 2944
842 2944
842 2944
846 19574
846 19654
848 2607
848 2607
848 2607
848 2607
853 2646
853 2646
853 2646
853 2646
857 20244
857 20849
859 2988
859 2988
859 2988
859 2988
863 19849
864 20084
866 2973
866 2973
866 2973
867 2973
867 20961
871 2630
871 2630
871 2630
872 2630
876 2659
876 2659
876 2659
877 2659
877 2659
881 21051
882 20947
883 20112
884 20341
885 19852
886 19748
888 20768
889 19911
889 19851
891 2015
891 2015
891 2015
892 2015
892 2015
897 22427
897 22427
897 22427
900 20154
901 19586
902 20793
903 21131
904 19940
905 20628
905 20318
907 2646
907 2646
907 2646
908 2646
908 19638
913 3021
913 3021
913 3021
914 3021
914 3021
918 21909
919 20502
919 20314
921 2659
922 21229
922 21229
925 21229
925 19649
927 2638
927 2638
927 2638
928 2638
928 2638
932 20849
933 19960
935 2639
935 2639
935 21489
939 21489
939 21489
939 21489
939 20116
942 2622
942 2622
942 2622
943 2622
947 19564
948 19614
949 19912
949 19906
951 2631
951 2631
951 2631
952 2631
956 21354
957 21354
957 21354
957 21354
957 21372
961 2952
961 2952
961 2952
962 2952
962 19497
966 2652
966 2652
966 20774
970 2653
970 2653
970 2653
971 2653
971 2653
971 24860
976 2877
976 2877
976 2877
980 3389
980 3389
980 3389
981 3389
981 3389
981 19568
986 2616
986 2616
986 2616
987 2616
987 21020
991 2673
991 2673
992 2673
992 2673
992 21021
997 3404
997 3404
997 3404
998 3404
998 20290
1002 2440
1002 2440
1002 2440
1006 19890
1007 19948
1008 20157
1009 19860
1009 20024
1011 2670
1011 2670
1011 2670
1015 2680
1015 2680
1015 2680
1015 2680
1019 20911
1019 20580
1021 2688
1021 2688
1021 2688
1022 2688
1026 20756
1027 20756
1027 20756
1029 20756
1029 19846
1031 2616
1031 2616
1031 2616
1032 2616
1032 2616
1037 22114
1038 22114
1038 22114
1040 20829
1042 22441
1042 22441
1043 22441
1045 21753
1045 21753
1045 21753
1045 20532
1048 3206
1048 3206
1049 3206
1049 3206
1053 19878
1053 19609
1055 2886
1055 2886
1056 22549
1056 22549
1056 22549
1061 21116
1062 19537
1063 20802
1064 19561
1064 19548
1066 2641
1066 2641
1066 2641
1067 2641
1071 22202
1071 22202
1073 19885
1073 20636
1075 2687
1075 2687
1075 2687
1076 2687
1076 20771
1080 2636
1080 2636
1080 2636
1081 19969
1085 2972
1085 2972
1085 2972
1086 2972
1086 20147
1090 2140
1090 2140
1090 2140
1091 2140
1091 19429
1095 2634
1095 2634
1095 2634
1099 20695
1100 19764
1101 20617
1102 19728
1102 19616
1104 2101
1104 2101
1105 2101
1105 20292
1109 2636
1109 2636
1109 2636
1110 2636
1110 2636
1110 20743
1115 2634
1115 2634
1115 2634
1116 2634
1116 20573
1121 3197
1121 3197
1121 3197
1122 3197
1122 3197
1122 20200
1127 3061
1127 3061
1127 3061
1128 3061
1132 19684
1132 20000
1134 2948
1134 2948
1134 2948
1134 20187
1138 2614
1138 2614
1138 2614
1139 21700
1143 3195
1143 3195
1143 3195
1144 3195
1144 20035
1148 2638
1148 2638
1148 2638
1149 2638
1149 2638
1153 19974
1155 2650
1155 2650
1155 2650
1156 2650
1156 2650
1160 21360
1161 20169
1162 20028
1163 19899
1164 21390
1166 2660
1166 2660
1166 2660
1167 2660
1167 2660
1171 21838
1172 20813
1172 20538
1174 1991
1174 1991
1174 1991
1178 20842
1178 21019
1180 2824
1180 2824
1180 2824
1181 2824
1181 2824
1181 19528
1186 2778
1186 2778
1187 2778
1187 2778
1191 21442
1192 20687
1193 21105
1194 20612
1195 19708
1196 19820
1197 20800
1198 19635
1200 20602
1201 20698
1201 20329
1203 2633
1203 2633
1203 2633
1204 2633
1204 2633
1208 19729
1209 20798
1211 19755
1212 20080
1213 20165
1214 19557
1214 20987
1216 3024
1216 3024
1216 3024
1217 3024
1217 19921
1221 3114
1221 3114
1222 3114
1222 3114
1222 19883
1227 2640
1227 2640
1227 2640
1227 2640
1231 21091
1231 20367
1233 2646
1233 2646
1234 2646
1234 2646
1238 20983
1238 19583
1240 2456
1240 2456
1240 2456
1241 2456
1241 2456
1245 19545
1247 2681
1247 2681
1247 2681
1248 2681
1248 20839
1252 2948
1252 2948
1252 2948
1253 2948
1253 2948
1258 20031
1259 21662
1260 20691
1260 19655
1262 2757
1262 2757
1262 2757
1263 2757
1263 2757
1267 20963
1269 20792
1270 20953
1271 21484
1272 20270
1273 20788
1274 21230
1275 19844
1276 19692
1276 19611
1278 1996
1278 1996
1278 1996
1282 19801
1282 19583
1284 2624
1284 2624
1284 2624
1285 2624
1285 20309
1289 3100
1289 3100
1289 3100
1289 20013
1294 2978
1294 2978
1294 2978
1295 2978
1295 2978
1299 20080
1300 19919
1301 20588
1302 19416
1304 3122
1304 3122
1304 25923
1308 25923
1308 25923
1308 25923
1308 22197
1311 2951
1311 2951
1311 2951
1312 2951
1316 19815
1317 20708
1319 21633
1319 21633
1320 21633
1320 21633
1322 20005
1323 20156
1324 20375
1325 20840
1326 20180
1328 2007
1328 2007
1328 2007
1329 2007
1329 2007
1334 21074
1334 20980
1336 20980
1336 20980
1336 20980
1339 20500
1341 22718
1341 22718
1342 22718
1342 20886
1344 2649
1344 2649
1344 2649
1345 2649
1345 2649
1350 2642
1350 2642
1350 2642
1351 2642
1351 2642
1356 20788
1356 20788
1356 20788
1358 19754
1359 19525
1359 20755
1361 2955
1361 2955
1362 2955
1362 2955
1366 19878
1368 21225
1368 21225
1369 21225
1369 21225
1371 20535
1373 20141
1374 20615
1374 19507
1376 2993
1376 2993
1376 2993
1377 2993
1377 2993
1381 19509
1382 19737
1383 20800
1385 2240
1385 2240
1385 2240
1385 19653
1389 2656
1389 2656
1389 2656
1390 2656
1390 2656
1394 19543
1396 20520
1396 19781
1398 3044
1398 3044
1398 3044
1399 3044
1399 19599
1403 1950
1403 1950
1403 22154
1407 22154
1407 22154
1409 22154
1409 22154
1411 19436
1412 52412
1413 20796
1414 20140
1416 22115
1417 22115
1417 22115
1419 22115
1419 21393
1421 2087
1421 2087
1421 2087
1422 2087
1422 2087
1422 19678
1427 3024
1427 3024
1427 3024
1431 19691
1432 19620
1434 20673
1434 20673
1435 20673
1435 20673
1435 19934
1438 2646
1438 2646
1438 2646
1439 2646
1443 19901
1443 20779
1445 2687
1445 2687
1445 2687
1446 2687
1446 2687
1446 20415
1451 2774
1451 2774
1452 2774
1452 2774
1452 20940
1457 2665
1457 2665
1457 2665
1457 19637
1461 3040
1461 3040
1461 3040
1462 3040
1466 19851
1467 19852
1468 20041
1469 19729
1470 19662
1471 22309
1471 20629
1473 2651
1473 2651
1473 2651
1474 2651
1478 20835
1478 19763
1480 2653
1480 2653
1480 2653
1481 2653
1481 2653
1481 20707
1486 2027
1486 2027
1487 2027
1487 2027
1491 20452
1491 19648
1493 2859
1493 2859
1493 2859
1494 2859
1494 2859
1498 19902
1500 2987
1500 2987
1500 2987
1501 2987
1505 20750
1505 20750
1505 20750
1507 20377
1508 19587
1509 19815
1509 19689
1511 2461
1511 2461
1512 2461
1512 2461
1516 20600
1517 19870
1517 19835
1519 2645
1519 2645
1519 2645
1519 20082
1524 2629
1524 2629
1524 2629
1525 2629
1525 2629
1529 21380
1530 2666
1530 2666
1530 2666
1531 2666
1535 20850
1536 20708
1536 19779
1538 2662
1538 2662
1538 2662
1538 2662
1538 20135
1543 2681
1543 2681
1544 2681
1544 2681
1548 21426
1549 20065
1550 21150
1550 20905
1552 2075
1552 2075
1552 2075
1553 2075
1553 2075
1558 2585
1558 2585
1558 2585
1559 2585
1559 2585
1559 19623
1564 2927
1564 2927
1564 2927
1564 2927
1569 21388
1570 21388
1570 21388
1572 20996
1572 20641
1574 2019
1574 2019
1574 2019
1574 2019
1578 19921
1579 20786
1581 2688
1581 2688
1581 2688
1581 2688
1585 19416
1586 20834
1586 20709
1588 2997
1588 2997
1588 2997
1588 2997
1593 2643
1593 2643
1593 2643
1594 2643
1594 2643
1594 19892
1599 3167
1599 3167
1599 3167
1599 3167
1604 20430
1605 20167
1606 20385
1606 19868
1608 2887
1608 2887
1608 2887
1609 2887
1609 2887
1613 19583
1613 20446
1615 2645
1615 2645
1616 2645
1616 20793
1620 3158
1620 3158
1620 3158
1621 3158
1621 3158
1625 19929
1627 19902
1628 19746
1629 20158
1630 20514
1631 21174
1632 20215
1634 21397
1634 21397
1635 21397
1635 21397
1637 20976
1639 21042
1640 19715
1641 19660
1642 19652
1643 19688
1643 21100
1645 3055
1645 3055
1646 21268
1646 21268
1649 21268
1651 19658
1651 20816
1653 2870
1653 2870
1653 2870
1654 2870
1654 2870
1658 21371
1659 21667
1659 20620
1661 2000
1661 2000
1661 2000
1665 19711
1665 20901
1667 3012
1667 3012
1667 3012
1668 3012
1668 3012
1672 19509
1674 2317
1674 2317
1674 2317
1675 2317
1675 2317
1679 19414
1680 19735
1680 21059
1682 2939
1682 2939
1683 2939
1683 2939
1683 20056
1688 2077
1688 2077
1688 2077
1689 2077
1689 2077
1689 20169
1694 2645
1694 2645
1694 2645
1694 20135
1699 1984
1699 1984
1699 21299
1703 21299
1703 21299
1703 21299
1703 21299
1706 20338
1708 19503
1709 19561
1710 19591
1711 20717
1712 20414
1713 19435
1714 19570
1714 20449
1716 2963
1716 2963
1716 2963
1717 20319
1721 2634
1721 2634
1721 2634
1722 2634
1722 2634
1726 20788
1727 19628
1728 20012
1729 21017
1731 2613
1731 2613
1731 2613
1732 2613
1732 2613
1732 21174
1737 2664
1737 2664
1737 2664
1738 2664
1738 2664
1743 19562
1743 19576
1745 2616
1745 2616
1745 2616
1745 20726
1749 2651
1749 2651
1749 2651
1750 2651
1754 21037
1755 21340
1756 20211
1756 20905
1758 2453
1758 2453
1758 2453
1758 2453
1762 20444
1763 19943
1764 19442
1765 20074
1767 2612
1767 2612
1767 2612
1768 2612
1768 2612
1768 19930
1773 2967
1773 2967
1773 2967
1778 22271
1778 22271
1778 22271
1780 22271
1780 22271
1783 20781
1783 20781
1784 20781
1784 20781
1784 20705
1787 2680
1787 2680
1787 2680
1791 21021
1792 20360
1792 20195
1794 2624
1794 2624
1795 20747
1795 20747
1798 20747
1800 21790
1801 21790
1801 21790
1803 19948
1804 19761
1804 24859
1806 4821
1806 4821
1806 4821
1807 4821
1811 21576
1812 21576
1812 21576
1812 21632
1815 2053
1815 2053
1815 21365
1819 21365
1819 21365
1819 21365
1819 21365
1823 2652
1823 2652
1823 2652
1824 2652
1824 2652
1829 22622
1829 22622
1829 22622
1829 20103
1832 2621
1832 2621
1833 2621
1833 20908
1837 2136
1837 2136
1837 2136
1838 2136
1838 19796
1842 3014
1842 3014
1842 3014
1843 3014
1847 19655
1848 19705
1848 19499
1850 18177
1850 18177
1850 18177
1851 18177
1851 18177
1851 20963
1856 2619
1856 2619
1857 2619
1857 2619
1861 19503
1862 19848
1863 19949
1864 20807
1865 19796
1866 19707
1867 20171
1867 19533
1869 1962
1869 1962
1870 1962
1870 19962
1874 3137
1874 3137
1874 3137
1875 3137
1875 3137
1879 20961
1881 2632
1881 2632
1881 2632
1882 2632
1882 2632
1886 20592
1887 19944
1888 19670
1890 21722
1891 21722
1891 21722
1893 21722
1893 21722
1895 19639
1896 19837
1897 19626
1897 19612
1899 2621
1899 2621
1900 21683
1900 21683
1903 21683
1905 19395
1906 19511
1908 20766
1908 20766
1909 20766
1909 20766
1911 20305
1911 20247
1913 2625
1913 2625
1914 2625
1914 2625
1918 19593
1919 20248
1919 19596
1921 2644
1921 2644
1921 2644
1922 2644
1922 19929
1926 2642
1926 2642
1927 2642
1927 2642
1931 20217
1932 19752
1933 19506
1933 24851
1935 2784
1935 2784
1935 2784
1939 3073
1939 3073
1939 3073
1940 3073
1940 3073
1944 20901
1945 19666
1946 20077
1947 20079
1947 19565
1949 2013
1949 2013
1949 2013
1953 20231
1953 19918
1955 2645
1955 2645
1955 2645
1955 2645
1959 20453
1960 19909
1962 2728
1962 2728
1962 2728
1963 2728
1963 2728
1967 19724
1968 19735
1969 20027
1969 19630
1971 3083
1971 3083
1972 3083
1972 3083
1976 19571
1976 20755
1978 2630
1978 2630
1978 2630
1979 2630
1983 21692
1984 21692
1984 21692
1986 21692
1986 21692
1988 20923
1988 19664
1990 2308
1990 2308
1990 2308
1991 2308
1991 20795
1995 2950
1995 2950
1996 2950
2000 21472
2000 21472
2001 21472
2001 21472
2001 20644
2004 2970
2004 2970
2004 2970
2005 19743
2009 2769
2009 2769
2009 2769
2010 2769
2010 20417
2014 2686
2014 2686
2014 2686
2015 2686
2015 2686
2020 2634
2020 2634
2020 2634
2021 2634
2021 2634
2025 20363
2025 19467
2027 2680
2027 2680
2027 2680
2028 2680
2032 20750
2033 20221
2034 19591
2035 19512
2036 20500
2037 19878
2039 21540
2040 21540
2040 21540
2040 21540
2042 21301
2044 2669
2044 2669
2044 2669
2044 2669
2048 19985
2049 19667
2049 21826
2051 2782
2051 2782
2052 2782
2052 2782
2056 19710
2057 19931
2057 19973
2059 2663
2059 2663
2060 22004
2060 22004
2063 22004
2063 22004
2066 19552
2067 21203
2068 20720
2068 19917
2070 2102
2070 2102
2070 2102
2071 2102
2071 2102
2075 21379
2076 19920
2078 2614
2078 2614
2078 2614
2079 2614
2083 21965
2083 21965
2084 21965
2084 21965
2086 20169
2087 19853
2089 2949
2089 2949
2089 2949
2090 2949
2090 19832
2094 2629
2094 2629
2094 2629
2095 2629
2095 2629
2100 19527
2101 19854
2101 19559
2103 1950
2103 1950
2103 1950
2104 1950
2104 1950
2108 20088
2109 20203
2110 19868
2112 20705
2112 19560
2114 2627
2114 2627
2114 2627
2114 2627
2118 20670
2119 20578
2119 19900
2121 2655
2121 2655
2122 2655
2122 19542
2126 2939
2126 2939
2126 2939
2127 2939
2127 2939
2131 19772
2132 20168
2133 20987
2135 2681
2135 2681
2135 2681
2136 2681
2136 2681
2140 21370
2140 21627
2142 2644
2142 2644
2142 2644
2143 2644
2147 2063
2147 2063
2147 2063
2148 2063
2148 2063
2152 19734
2152 19648
2154 2621
2154 2621
2154 2621
2155 19844
2159 2615
2159 2615
2159 2615
2159 2615
2163 20982
2164 20044
2165 20006
2165 19954
2167 2960
2167 2960
2168 2960
2168 2960
2172 19497
2173 19642
2175 21773
2175 21773
2175 19721
2177 3004
2177 3004
2177 3004
2178 3004
2178 19584
2183 2000
2183 2000
2183 2000
2183 2000
2187 19588
2188 19572
2189 19826
2190 20359
2191 20932
2193 2641
2193 2641
2193 2641
2194 2641
2194 2641
2198 19615
2199 20902
2200 19910
2200 19573
2202 2651
2202 2651
2203 2651
2203 2651
2203 21408
2208 2658
2208 2658
2208 2658
2209 2658
2213 20896
2214 20896
2214 20896
2216 20896
2216 20896
2218 19458
2220 21092
2221 21092
2221 21092
2221 21092
2221 21092
2224 19778
2225 19566
2227 19735
2228 20839
2228 19648
2230 2643
2230 2643
2230 2643
2230 2643
2230 19753
2235 2978
2235 2978
2235 2978
2239 19794
2240 19812
2241 19629
2242 19561
2242 21548
2244 2676
2244 2676
2244 2676
2244 2676
2248 20293
2249 19579
2251 20194
2252 20233
2253 19562
2254 19699
2255 19580
2255 19813
2257 2877
2257 2877
2257 2877
2258 2877
2262 20930
2263 20930
2263 20930
2265 21355
2266 20182
2267 19889
2268 19704
2268 20259
2270 2653
2270 2653
2270 2653
2271 19920
2275 3202
2275 3202
2275 3202
2275 3202
2279 21670
2280 19868
2281 21515
2282 20663
2283 20380
2286 20665
2286 20665
2287 20665
2287 20665
2289 19643
2290 19773
2291 19883
2292 20087
2292 19601
2294 3367
2294 3367
2295 3367
2295 3367
2295 20182
2300 2626
2300 2626
2300 2626
2300 2626
2304 20035
2305 19497
2305 19515
2307 2631
2307 2631
2307 2631
2311 20238
2312 20417
2314 21203
2315 21203
2315 21203
2315 21203
2317 21203
2317 21203
2320 2636
2320 2636
2320 2636
2320 2636
2320 19631
2325 2659
2325 2659
2325 2659
2326 2659
2326 19636
2330 2424
2330 2424
2331 2424
2331 2424
2335 19463
2336 19912
2337 19706
2338 21362
2339 20263
2340 19796
2341 20188
2343 2679
2343 2679
2343 2679
2344 2679
2344 19608
2348 2619
2348 2619
2348 2619
2348 2619
2348 20785
2353 2672
2353 2672
2353 2672
2357 19590
2358 19846
2359 19434
2360 21781
2361 21252
2362 20910
2363 21059
2364 20023
2365 19612
2367 2983
2367 2983
2367 2983
2367 20461
2371 2638
2371 2638
2371 2638
2371 2638
2371 20178
2376 2621
2376 2621
2377 2621
2377 21063
2381 2998
2381 2998
2381 2998
2381 2998
2385 20329
2385 20615
2387 2830
2388 21848
2388 21848
2391 21848
2391 19956
2393 2651
2393 2651
2393 2651
2394 2651
2394 20381
2398 2623
2398 2623
2399 2623
2399 2623
2404 22600
2404 22600
2405 22600
2405 22600
2407 19539
2408 20153
2408 21124
2410 1991
2410 1991
2410 1991
2414 19572
2414 19513
2416 2635
2416 2635
2416 2635
2417 2635
2417 2635
2421 19670
2422 19907
2424 3616
2424 3616
2424 3616
2425 3616
2425 19543
2429 2672
2429 2672
2429 2672
2430 2672
2430 2672
2434 20717
2436 2641
2436 2641
2436 2641
2437 2641
2437 2641
2442 21701
2443 21701
2443 21701
2443 21701
2445 21701
2447 20878
2448 20632
2449 19561
2449 19807
2451 2655
2451 2655
2451 2655
2452 2655
2452 2655
2456 20106
2458 20395
2459 20276
2460 20740
2461 19976
2462 20983
2463 20148
2464 20318
2466 21585
2466 21585
2467 21585
2467 20899
2469 2931
2469 2931
2470 2931
2470 19922
2474 2666
2474 2666
2474 2666
2475 2666
2475 2666
2479 21096
2481 19927
2482 22031
2482 20701
2484 2630
2484 2630
2484 2630
2485 2630
2485 20230
2489 1995
2489 1995
2489 1995
2490 1995
2490 20260
2495 2661
2495 2661
2496 21526
2496 21526
2499 21526
2499 19646
2501 2670
2501 2670
2501 2670
2502 2670
2506 19832
2507 20039
2508 19515
2509 20773
2509 20823
2511 2644
2511 2644
2511 2644
2512 2644
2516 2662
2516 2662
2516 2662
2516 2662
2520 21798
2520 19530
2522 2618
2522 2618
2522 2618
2523 2618
2523 20556
2527 2966
2527 2966
2528 2966
2528 2966
2528 19700
2533 2655
2533 2655
2533 2655
2534 2655
2534 2655
2539 2994
2539 2994
2539 2994
2540 2994
2540 20413
2544 2616
2544 2616
2544 2616
2545 2616
2545 2616
2545 21503
2550 2773
2550 2773
2550 2773
2555 21478
2555 21478
2556 21478
2558 21851
2559 21851
2559 21851
2559 21851
2559 19705
2563 3062
2563 3062
2563 3062
2564 3062
2564 3062
2569 21377
2570 21377
2570 21377
2570 21377
2572 21377
2574 21821
2574 19587
2576 1956
2576 1956
2576 1956
2577 1956
2577 1956
2581 20265
2582 20241
2582 19545
2584 1966
2584 1966
2584 1966
2584 19489
2589 2642
2589 2642
2589 2642
2589 21021
2593 2843
2593 2843
2593 2843
2597 2664
2597 2664
2597 2664
2598 2664
2598 2664
2598 19577
2603 2662
2603 2662
2603 2662
2604 2662
2604 2662
2609 19659
2610 20537
2610 20120
2612 2628
2612 2628
2612 2628
2613 2628
2613 2628
2613 19667
2618 2625
2618 2625
2619 2625
2619 2625
2623 20381
2624 20254
2625 19571
2626 19849
2627 19861
2627 20616
2629 2953
2629 2953
2629 2953
2629 20886
2634 2645
2634 2645
2634 2645
2635 2645
2639 22777
2639 22777
2640 22777
2640 22777
2642 20715
2644 2994
2644 2994
2644 2994
2644 2994
2649 21929
2650 21929
2650 21929
2650 21929
2652 21929
2652 21929
2655 19905
2656 19818
2656 19720
2658 3004
2658 3004
2658 3004
2659 3004
2659 20383
2663 2635
2663 2635
2663 21092
2667 2681
2667 2681
2667 2681
2668 2681
2668 19955
2672 3050
2672 3050
2672 3050
2672 20997
2676 2488
2676 2488
2676 2488
2680 20927
2681 20880
2681 19537
2683 2629
2683 2629
2683 2629
2683 19545
2687 2986
2687 2986
2688 2986
2688 2986
2688 23220
2693 2664
2693 2664
2693 2664
2694 2664
2694 2664
2694 19454
2699 2963
2700 21153
2700 21153
2703 21153
2703 21153
2705 20150
2706 19806
2707 19718
2707 20216
2709 2952
2709 2952
2710 2952
2710 2952
2714 21721
2715 19621
2716 20612
2717 21310
2718 19814
2719 19649
2719 19540
2721 2621
2721 2621
2722 2621
2722 2621
2726 19427
2727 20594
2728 19602
2728 19621
2730 2655
2730 2655
2730 2655
2731 2655
2731 2655
2735 19843
2737 2611
2737 2611
2737 2611
2738 2611
2738 2611
2738 20496
2743 2659
2743 2659
2743 2659
2747 2657
2747 2657
2747 2657
2748 2657
2748 2657
2752 21286
2753 21580
2754 21135
2755 20202
2756 19725
2756 20815
2758 1982
2758 1982
2759 1982
2759 1982
2763 19995
2764 19474
2765 19809
2766 19717
2767 19803
2768 20569
2770 2630
2770 2630
2770 2630
2771 2630
2771 19970
2775 2981
2775 2981
2775 2981
2775 2981
2779 19539
2779 20334
2781 2817
2781 2817
2782 2817
2782 2817
2782 19758
2787 2011
2787 2011
2787 2011
2788 20601
2791 21106
2794 20880
2795 20880
2795 20880
2795 20880
2797 20880
2797 20332
2799 2678
2799 2678
2799 2678
2800 2678
2800 2678
2805 2643
2805 2643
2805 2643
2806 2643
2806 2643
2810 20591
2810 20791
2812 2629
2812 2629
2812 2629
2816 2612
2816 2612
2816 2612
2817 2612
2817 2612
2817 19630
2822 2679
2822 2679
2822 2679
2822 19550
2826 2776
2826 2776
2826 2776
2826 20863
2831 2622
2831 2622
2831 2622
2832 2622
2832 2622
2832 20252
2837 2608
2837 2608
2838 2608
2838 2608
2842 19463
2843 19521
2844 19552
2845 19551
2846 20776
2847 19788
2848 21526
2849 20907
2851 2633
2851 2633
2851 2633
2852 2633
2852 2633
2856 19671
2857 19974
2858 19553
2859 19674
2860 20636
2862 2857
2862 2857
2862 2857
2862 2857
2866 19685
2868 22280
2869 22280
2869 22280
2869 22280
2871 22280
2871 22280
2874 19588
2875 19708
2876 21313
2877 21178
2878 20002
2879 20150
2880 20784
2881 19903
2881 20039
2883 2669
2883 2669
2883 2669
2887 19637
2888 20254
2889 19650
2890 20782
2892 22820
2893 22820
2893 22820
2893 22820
2893 22820
2897 2690
2897 2690
2897 2690
2898 2690
2898 2690
2902 20383
2903 19795
2905 21634
2905 21634
2906 21634
2906 21338
2908 3013
2908 3013
2909 3013
2909 3013
2914 22270
2914 22270
2915 22270
2917 21585
2918 21585
2918 21585
2918 21585
2918 21215
2922 2629
2922 2629
2922 2629
2922 2629
2926 19438
2927 20773
2928 21026
2929 19668
2930 19842
2932 19552
2933 19469
2933 20531
2935 3386
2935 3386
2935 3386
2935 3386
2939 19729
2940 20970
2941 20245
2942 20716
2944 2659
2944 2659
2945 21928
2945 21928
2945 21928
2945 21168
2950 2866
2950 2866
2950 2866
2951 2866
2955 19399
2955 20644
2957 3106
2957 3106
2957 3106
2957 17192
2961 3145
2961 3145
2961 3145
2962 3145
2967 21315
2967 21315
2967 21315
2967 21315
2970 19744
2970 21352
2972 2620
2972 2620
2972 2620
2972 20337
2976 2604
2976 2604
2977 2604
2977 2604
2981 19462
2983 20656
2983 20656
2984 20656
2984 20736
2986 3016
2986 3016
2987 3016
2987 3016
2991 19527
2992 19620
2992 21046
2994 2653
2994 2653
2994 2653
2994 2653
2998 19863
2998 19863
2998 19863
2998 19863
2998 19863
2998 19863
2998 19863
2998 19863
2998 19863
2998 19863
2998 19863
2998 19863
2998 19863
2998 19863
2998 19863
2998 19863
2998 19863
2998 19863
2998 19863
2998 19863
2998 19863
2998 19863
2998 19863
2998 19863
2998 19863
2998 19863
2998 19863
2998 19863
2998 19863
2998 19863
2998 19863
2998 19863
2998 19863
2998 19863
2998 19863
2998 19863
2998 19863
2998 19863
2998 19863
2998 19863
2998 19863
2998 19863
2998 19863
2998 19863
2998 19863
2998 19863
2998 19863
2998 19863
2998 19863
2998 19863
2998 19863
2998 19863
2998 19863
2998 19863
2998 19863
2998 19863
2998 19863
2998 19863
2998 19863
2998 19863
2998 19863
2998 19863
2998 19863
2998 19863
2998 19863
2998 19863
2998 19863
2998 19863
2998 19863
2998 19863
2998 19863
2998 19863
2998 19863
2998 19863
2998 19863
2998 19863
2998 19863
2998 19863
2998 19863
2998 19863
2998 19863
2998 19863
2998 19863
2998 19863
2998 19863
2998 19863
2998 19863
2998 19863
2998 19863
2998 19863
2998 19863
2998 19863
2998 19863
2998 19863
2998 19863
2998 19863
2998 19863
2998 19863
2998 19863
2998 19863
2998 19863
2998 19863
2998 19863
2998 19863
2998 19863
2998 19863
2998 19863
2998 19863
2998 19863
2998 19863
2998 19863
2998 19863
2998 19863
2998 19863
2998 19863
2998 19863
2998 19863
2998 19863
2998 19863
2998 19863
2998 19863
2998 19863
2998 19863
2998 19863
2998 19863
2998 19863
2998 19863
2998 19863
2998 19863
2998 19863
2998 19863
2998 19863
2998 19863
2998 19863
2998 19863
2998 19863
2998 19863
2998 19863
2998 19863
2998 19863
2998 19863
2998 19863
2998 19863
2998 19863
2998 19863
2998 19863
2998 19863
2998 19863
2998 19863
2998 19863
2998 19863
2998 19863
2998 19863
2998 19863
2998 19863
2998 19863
2998 19863
2998 19863
2998 19863
2998 19863
2998 19863
2998 19863
2998 19863
2998 19863
2998 19863
2998 19863
2998 19863
2998 19863
2998 19863
2998 19863
2998 19863
2998 19863
2998 19863
2998 19863
2998 19863
2998 19863
2998 19863
2998 19863
2998 19863
2998 19863
2998 19863
2998 19863
2998 19863
2998 19863
2998 19863
2998 19863
2998 19863
2998 19863
2998 19863
2998 19863
2998 19863
2998 19863
2998 19863
2998 19863
2998 19863
2998 19863
2998 19863
2998 19863
2998 19863
2998 19863
2998 19863
2998 19863
2998 19863
2998 19863
2998 19863
2998 19863
2998 19863
2998 19863
2998 19863
2998 19863
2998 19863
2998 19863
2998 19863
2998 19863
2998 19863
