0 0
0 0
0 6409
2 4069
2 4069
2 4069
3 4069
3 5249
7 1773
7 1773
7 6040
11 4284
11 4284
11 4284
12 4284
12 4284
12 5516
17 2118
17 2118
17 2118
21 1770
21 1770
21 1770
21 5494
25 4491
25 4491
25 4491
25 5238
29 1736
29 1736
29 1736
33 1734
33 1734
33 1734
33 5273
37 2267
37 2267
37 2267
37 5428
41 2775
41 2775
41 6188
45 1753
45 1753
45 1753
45 5218
49 3612
49 3612
49 3612
49 6209
53 1765
53 1765
53 5471
57 2027
57 2027
57 2027
58 2027
58 5598
62 2021
62 2021
62 2021
62 5210
66 2260
66 2260
66 2260
66 5236
71 1788
71 1788
71 1788
72 1788
72 6139
76 1820
76 1820
76 6300
80 1818
80 1818
80 1818
80 5194
84 1781
84 1781
84 1781
85 1781
85 6416
89 1781
89 1781
89 1781
89 5586
94 3771
94 3771
94 3771
95 3771
95 6718
99 1763
99 1763
100 1763
100 6562
104 1991
104 1991
104 1991
104 5233
108 2043
108 2043
108 2043
108 6307
112 1903
112 1903
112 1903
116 5572
116 6319
118 1838
118 1838
118 1838
118 5972
122 1753
122 1753
122 6322
126 2044
126 2044
126 2044
126 5831
130 1730
130 1730
130 1730
130 1730
130 5902
135 2658
135 2658
136 2658
136 6334
140 2290
140 2290
140 2290
140 6521
144 3638
144 3638
144 3638
148 1764
148 1764
148 1764
148 5487
152 4196
152 4196
152 4196
152 5596
156 1790
156 1790
156 1790
160 4169
160 4169
160 4169
160 5547
164 1809
164 1809
164 1809
164 5924
168 2195
168 2195
168 5290
172 1784
172 1784
172 1784
173 1784
173 6727
177 2273
177 2273
177 2273
178 2273
178 5199
182 4087
182 4087
182 5208
186 1797
186 1797
186 1797
186 6274
190 4137
190 4137
190 4137
190 5301
195 1785
195 1785
195 1785
195 5680
199 4217
199 4217
199 4217
199 5246
203 1745
203 1745
203 1745
203 5842
208 1987
208 1987
208 1987
208 6458
212 2310
212 2310
212 2310
212 2310
217 1763
217 1763
217 1763
217 5599
221 4394
221 4394
221 4394
221 5530
225 3882
225 3882
225 3882
229 1758
229 1758
229 1758
229 5221
233 2305
233 2305
233 2305
233 5719
237 1768
237 1768
238 1768
238 6123
242 1968
242 1968
242 1968
242 5332
246 1723
246 1723
246 1723
246 1723
246 5287
251 2091
251 2091
252 2091
252 6041
256 2211
256 2211
256 2211
256 5243
260 1790
260 1790
260 1790
260 5249
265 1778
265 1778
265 1778
265 6034
269 1848
269 1848
269 1848
269 5846
273 1741
273 1741
273 5278
277 4101
277 4101
277 4101
277 4101
277 5623
282 1809
282 1809
282 1809
282 6365
286 2040
286 2040
286 5254
290 2258
290 2258
290 2258
290 6059
294 1793
294 1793
294 1793
295 6110
299 2181
299 2181
299 2181
299 2181
303 6509
303 5215
305 1754
305 1754
305 1754
305 5934
309 1818
309 1818
309 5557
313 2890
313 2890
313 2890
313 5807
317 4071
317 4071
317 4071
321 2388
321 2388
321 2388
321 5241
325 1832
325 1832
325 1832
325 1832
325 6400
330 2849
330 2849
330 5202
334 1724
334 1724
334 1724
334 5749
338 1767
338 1767
338 1767
338 5313
342 1735
342 1735
342 5352
346 1761
346 1761
346 1761
346 5844
350 4603
350 4603
350 4603
350 5224
354 1807
354 1807
354 6234
358 2273
358 2273
358 2273
358 5274
362 1797
362 1797
362 1797
362 6323
366 1816
366 1816
366 5735
370 2395
370 2395
370 2395
370 5491
374 1966
374 1966
374 1966
374 5248
378 3856
378 3856
378 5547
382 1796
382 1796
382 1796
382 5255
386 1751
386 1751
386 1751
387 1751
387 6285
392 1801
392 1801
392 1801
392 5976
396 1802
396 1802
396 1802
396 5198
400 1716
400 1716
400 5257
404 1742
404 1742
404 1742
404 5949
408 1947
408 1947
408 1947
409 1947
413 1754
413 1754
413 1754
413 1754
413 5635
418 1840
418 1840
418 1840
418 5252
422 1755
422 1755
422 6098
426 1731
426 1731
426 1731
426 5266
430 2018
430 2018
430 2018
430 2018
430 5247
435 2022
435 2022
436 2022
436 5860
440 1760
440 1760
440 1760
440 1760
444 5236
444 6891
446 2203
446 2203
446 2203
446 5855
451 3669
451 3669
451 3669
451 5266
455 3841
455 3841
455 3841
459 1746
459 1746
459 1746
459 1746
459 5297
464 3576
464 3576
464 3576
464 6380
468 3743
468 3743
469 3743
469 3743
473 5420
473 6209
475 2345
475 2345
475 2345
475 5297
479 1775
479 1775
479 6208
483 1794
483 1794
483 1794
483 5821
487 1738
487 1738
487 1738
487 5652
491 2407
491 2407
491 2407
491 5189
496 2170
496 2170
496 2170
496 5520
500 1733
500 1733
500 1733
500 6921
504 1846
504 1846
505 1846
505 6579
509 1793
509 1793
509 1793
509 6139
513 2032
513 2032
513 2032
513 5876
518 4472
518 4472
518 4472
519 4472
519 4472
519 6016
524 2289
524 2289
524 2289
525 5551
529 1741
529 1741
529 1741
530 1741
530 1741
534 5597
534 5346
536 1710
536 1710
536 1710
540 2170
540 2170
540 2170
540 2170
540 5249
545 3709
545 3709
545 3709
545 3709
545 5492
550 3628
550 3628
550 3628
554 6301
555 5363
555 5245
557 1729
557 1729
557 1729
557 6191
561 1813
561 1813
562 1813
562 5429
566 1773
566 1773
566 1773
566 6191
570 4460
570 4460
570 4460
570 5296
574 1779
574 1779
574 5652
578 1798
578 1798
578 1798
578 1798
578 6174
583 2264
583 2264
583 5315
587 1800
587 1800
587 1800
587 6345
591 2156
591 2156
591 2156
591 5553
595 1763
595 1763
595 6296
599 3930
599 3930
599 3930
600 3930
600 5811
604 2555
604 2555
604 2555
605 2555
609 1756
609 1756
609 1756
610 1756
610 6433
614 2113
614 2113
614 2113
615 2113
615 2113
615 6027
620 2148
620 2148
621 2148
621 2148
621 5756
626 2170
626 2170
626 2170
626 5243
630 1776
630 1776
630 5294
634 2219
634 2219
634 2219
634 5811
638 3774
638 3774
638 3774
638 7417
642 4779
642 4779
642 5676
646 2284
646 2284
646 2284
646 6178
650 2055
650 2055
650 2055
651 2055
651 5607
656 2129
656 2129
656 2129
656 5329
660 1763
660 1763
660 1763
660 5890
664 2230
664 2230
664 5795
668 1776
668 1776
668 1776
668 6150
672 1775
672 1775
672 1775
672 1775
672 6739
677 2088
677 2088
677 5266
681 1756
681 1756
681 1756
681 5355
685 4640
685 4640
685 4640
685 5223
689 2122
689 2122
689 6219
693 4356
693 4356
693 4356
693 5204
697 1753
697 1753
697 1753
701 2072
701 2072
701 2072
701 5234
705 2315
705 2315
705 2315
705 5619
709 1756
709 1756
709 1756
709 5322
714 2167
714 2167
714 2167
714 5483
718 2077
718 2077
718 2077
719 2077
719 6614
723 2207
723 2207
723 5330
727 1806
727 1806
727 1806
728 1806
728 5473
732 4225
732 4225
732 4225
736 4176
736 4176
736 4176
736 4176
740 5267
740 5253
742 1740
742 1740
742 1740
743 1740
743 5300
748 1735
748 1735
748 1735
748 6339
752 2037
752 2037
752 2037
753 2037
753 5547
757 4054
757 4054
758 4054
758 5480
762 1880
762 1880
762 1880
762 6039
766 2110
766 2110
766 2110
770 1731
770 1731
770 1731
771 1731
771 5701
775 1830
775 1830
775 1830
775 1830
775 5215
780 2843
780 2843
781 2843
781 2843
781 5529
786 1784
786 1784
786 1784
786 5368
790 1786
790 1786
790 6535
794 2330
794 2330
794 2330
794 5579
798 1757
798 1757
798 1757
798 5212
802 2405
802 2405
803 2405
803 5773
807 2043
807 2043
807 2043
808 2043
808 2043
808 5388
813 2371
813 2371
813 6693
817 2370
817 2370
817 2370
817 5229
821 1767
821 1767
821 1767
821 6367
825 1813
825 1813
825 5275
829 1830
829 1830
829 1830
829 6836
833 2335
833 2335
833 2335
833 5196
837 1769
837 1769
837 1769
837 5710
842 2276
842 2276
842 2276
842 5273
846 2423
846 2423
846 2423
846 5676
850 1951
850 1951
850 6166
854 2020
854 2020
854 2020
855 2020
855 2020
855 5187
860 2275
860 2275
860 6044
864 1752
864 1752
864 1752
864 5483
868 1989
868 1989
868 1989
869 1989
869 5729
873 2017
873 2017
873 2017
877 5844
878 5247
878 5577
880 1797
880 1797
880 1797
880 5802
884 1788
884 1788
884 5280
888 4318
888 4318
888 4318
888 6048
892 2163
892 2163
892 2163
893 2163
897 2653
897 2653
897 2653
897 2653
897 6053
902 1795
902 1795
902 1795
902 5756
906 1760
906 1760
906 6002
910 4187
910 4187
910 4187
910 5443
914 1727
914 1727
914 1727
914 5229
918 1768
918 1768
918 5227
922 2262
922 2262
922 2262
922 5550
926 4044
926 4044
926 4044
926 6324
930 1810
930 1810
930 1810
930 5270
935 2029
935 2029
935 2029
935 5829
939 1812
939 1812
939 1812
943 3659
943 3659
943 3659
944 3659
944 6249
948 2379
948 2379
948 2379
948 5722
952 1834
952 1834
952 6325
956 1849
956 1849
956 1849
956 5512
960 1766
960 1766
960 1766
960 5298
964 3917
964 3917
964 6327
968 3974
968 3974
968 3974
968 5490
972 1768
972 1768
972 1768
972 5278
976 2190
976 2190
976 5705
980 1791
980 1791
980 1791
980 6142
984 2726
984 2726
984 2726
984 2726
989 2027
989 2027
989 2027
989 6371
993 1791
993 1791
993 1791
994 1791
994 5474
998 2177
998 2177
998 5288
1002 2050
1002 2050
1002 2050
1002 6294
1006 2527
1006 2527
1006 2527
1006 5252
1010 1736
1010 1736
1010 6236
1014 1796
1014 1796
1014 1796
1015 1796
1015 5736
1019 2152
1019 2152
1019 2152
1019 2152
1023 5537
1025 1785
1025 1785
1025 1785
1025 6344
1029 2254
1029 2254
1029 2254
1029 5202
1033 1763
1033 1763
1033 5756
1037 1800
1037 1800
1037 1800
1037 5584
1041 4278
1041 4278
1041 4278
1041 6426
1045 1832
1045 1832
1046 1832
1046 6256
1050 2370
1050 2370
1050 2370
1050 5480
1054 1773
1054 1773
1054 1773
1058 5356
1058 5757
1060 1756
1060 1756
1060 1756
1060 6893
1064 2232
1064 2232
1064 2232
1065 2232
1065 5835
1069 3562
1069 3562
1069 3562
1069 5272
1074 1742
1074 1742
1074 1742
1074 5838
1078 2220
1078 2220
1078 5321
1082 2094
1082 2094
1082 2094
1082 6348
1086 2161
1086 2161
1086 2161
1086 5853
1090 3613
1090 3613
1090 6690
1094 2801
1094 2801
1094 2801
1094 5469
1098 3550
1098 3550
1098 3550
1099 3550
1099 5643
1103 1732
1103 1732
1103 6477
1107 2101
1107 2101
1107 2101
1107 2101
1107 5284
1112 1764
1112 1764
1112 1764
1112 5817
1117 1788
1117 1788
1117 1788
1118 1788
1118 5189
1122 4253
1122 4253
1122 4253
1122 5288
1126 1715
1126 1715
1127 1715
1127 5842
1131 1744
1131 1744
1131 1744
1131 1744
1131 5227
1136 2342
1136 2342
1136 2342
1136 5246
1141 1753
1141 1753
1141 1753
1141 1753
1141 6210
1146 2146
1146 2146
1146 2146
1146 5183
1150 4742
1150 4742
1150 5506
1154 2000
1154 2000
1154 2000
1154 5852
1158 4546
1158 4546
1158 4546
1162 1776
1162 1776
1162 1776
1162 5288
1166 2230
1166 2230
1166 2230
1166 5509
1170 1749
1170 1749
1170 1749
1174 2386
1174 2386
1174 2386
1174 5583
1178 1804
1178 1804
1178 1804
1178 6224
1182 2138
1182 2138
1182 6254
1186 1796
1186 1796
1186 1796
1186 1796
1186 6404
1191 2425
1191 2425
1191 2425
1191 5202
1195 5316
1195 5316
1195 5546
1199 1794
1199 1794
1199 1794
1200 1794
1200 6305
1204 3700
1204 3700
1204 3700
1208 3543
1208 3543
1208 3543
1208 5294
1212 1753
1212 1753
1212 1753
1212 5820
1216 1812
1216 1812
1216 1812
1217 5473
1221 1758
1221 1758
1221 1758
1221 5918
1225 2266
1225 2266
1225 2266
1225 5257
1229 3585
1229 3585
1229 6183
1233 2235
1233 2235
1233 2235
1233 5451
1237 1730
1237 1730
1237 1730
1237 5539
1241 1773
1241 1773
1241 5269
1245 1742
1245 1742
1245 1742
1245 5438
1249 1772
1249 1772
1249 1772
1249 5217
1253 2554
1253 2554
1253 5272
1257 2443
1257 2443
1257 2443
1258 2443
1258 6191
1262 3885
1262 3885
1262 3885
1266 2169
1266 2169
1266 2169
1266 6499
1270 1753
1270 1753
1270 1753
1271 1753
1271 5213
1275 4087
1275 4087
1275 5296
1279 1811
1279 1811
1279 1811
1279 5367
1283 2406
1283 2406
1283 2406
1283 5210
1287 1744
1287 1744
1287 6290
1291 4537
1291 4537
1291 4537
1291 5254
1295 1785
1295 1785
1295 1785
1295 6552
1299 1874
1299 1874
1299 5171
1303 1759
1303 1759
1303 1759
1303 5438
1307 1734
1307 1734
1307 1734
1307 5218
1311 1757
1311 1757
1311 5321
1315 1773
1315 1773
1315 1773
1316 1773
1316 6184
1320 1836
1320 1836
1320 5316
1324 3582
1324 3582
1324 3582
1325 3582
1325 3582
1325 5389
1330 1835
1330 1835
1330 1835
1330 1835
1335 1848
1335 1848
1335 1848
1335 6164
1339 1757
1339 1757
1339 1757
1339 5253
1343 3580
1343 3580
1343 5207
1347 1780
1347 1780
1347 1780
1347 5232
1351 1742
1351 1742
1351 1742
1351 5834
1355 1768
1355 1768
1356 1768
1356 5904
1360 1735
1360 1735
1360 1735
1360 6093
1364 1757
1364 1757
1364 1757
1364 5395
1368 1735
1368 1735
1369 1735
1369 5448
1373 1754
1373 1754
1373 1754
1373 6855
1377 2051
1377 2051
1377 2051
1381 1761
1381 1761
1381 1761
1381 5545
1385 5545
1385 5545
1385 5545
1385 5545
1385 5228
1390 1793
1390 1793
1391 1793
1391 5559
1395 2053
1395 2053
1395 2053
1395 5488
1399 2749
1399 2749
1399 2749
1399 5849
1403 1729
1403 1729
1403 5823
1407 2246
1407 2246
1407 2246
1408 2246
1408 6110
1412 1762
1412 1762
1412 1762
1416 2239
1416 2239
1416 2239
1416 5453
1420 2238
1420 2238
1420 2238
1420 5524
1424 1729
1424 1729
1425 1729
1425 5998
1429 2358
1429 2358
1429 2358
1429 5173
1433 1778
1433 1778
1433 1778
1433 6285
1437 1770
1437 1770
1437 5518
1441 1732
1441 1732
1441 1732
1441 5398
1445 1754
1445 1754
1445 1754
1445 5467
1449 2298
1449 2298
1450 2298
1450 6230
1454 4119
1454 4119
1454 4119
1454 5692
1458 4154
1458 4154
1458 4154
1462 1784
1462 1784
1462 1784
1463 1784
1463 6154
1467 3617
1467 3617
1467 3617
1467 5434
1471 2209
1471 2209
1471 6258
1475 1755
1475 1755
1475 1755
1475 6451
1479 1879
1479 1879
1479 1879
1479 6301
1483 2048
1483 2048
1483 6355
1487 2354
1487 2354
1487 2354
1487 5264
1491 4053
1491 4053
1491 4053
1491 4053
1496 1760
1496 1760
1496 1760
1496 5695
1500 1758
1500 1758
1500 1758
1500 6102
1504 1743
1504 1743
1504 1743
1508 2048
1508 2048
1508 2048
1508 5457
1512 1753
1512 1753
1512 1753
1512 5987
1516 2463
1516 2463
1517 2463
1517 5349
1521 4955
1521 4955
1521 4955
1522 4955
1522 6426
1526 1771
1526 1771
1526 1771
1526 6388
1530 1758
1530 1758
1530 6325
1534 1834
1534 1834
1534 1834
1534 6147
1538 2033
1538 2033
1538 2033
1538 5292
1543 1745
1543 1745
1543 1745
1543 6124
1547 4221
1547 4221
1547 4221
1547 6792
1551 1766
1551 1766
1551 5830
1555 1759
1555 1759
1555 1759
1555 5485
1559 1782
1559 1782
1559 1782
1560 1782
1560 6051
1564 1800
1564 1800
1565 1800
1565 6241
1569 2819
1569 2819
1569 2819
1569 6179
1573 1775
1573 1775
1573 1775
1574 1775
1574 5836
1579 2003
1579 2003
1579 2003
1579 5541
1583 2199
1583 2199
1583 2199
1583 5230
1587 1742
1587 1742
1587 6306
1591 2100
1591 2100
1591 2100
1592 2100
1592 5312
1596 1722
1596 1722
1596 1722
1596 5511
1601 1741
1601 1741
1601 1741
1601 6454
1605 2281
1605 2281
1605 2281
1605 5238
1609 1742
1609 1742
1609 6399
1613 1785
1613 1785
1613 1785
1613 5619
1617 1782
1617 1782
1617 1782
1617 5307
1621 1773
1621 1773
1621 5248
1625 3638
1625 3638
1625 3638
1625 3638
1629 5514
1630 5212
1630 5219
1632 1731
1632 1731
1632 5393
1636 2421
1636 2421
1636 2421
1636 5596
1640 1846
1640 1846
1640 1846
1640 1846
1640 5552
1645 2107
1645 2107
1645 6053
1649 2217
1649 2217
1649 2217
1649 6099
1653 1731
1653 1731
1653 1731
1657 1750
1657 1750
1657 1750
1657 5604
1661 1802
1661 1802
1661 1802
1661 6801
1665 1813
1665 1813
1665 1813
1669 2286
1669 2286
1669 2286
1669 5493
1673 1818
1673 1818
1673 1818
1673 1818
1673 6123
1678 2025
1678 2025
1678 5235
1682 1815
1682 1815
1682 1815
1683 1815
1683 5879
1687 2293
1687 2293
1687 2293
1687 6302
1691 2079
1691 2079
1691 5313
1695 2015
1695 2015
1695 2015
1695 2015
1695 6317
1700 2294
1700 2294
1700 5259
1704 3846
1704 3846
1704 3846
1704 3846
1704 5437
1709 1742
1709 1742
1709 1742
1709 5810
1713 1772
1713 1772
1713 5268
1717 4079
1717 4079
1717 4079
1717 4079
1717 6268
1722 2289
1722 2289
1722 2289
1722 2289
1726 6131
1728 2044
1728 2044
1728 2044
1728 5582
1732 4067
1732 4067
1732 4067
1732 5208
1736 2237
1736 2237
1736 2237
1736 5331
1741 4109
1741 4109
1741 4109
1741 5230
1745 1810
1745 1810
1745 1810
1746 1810
1750 1800
1750 1800
1750 1800
1750 5270
1754 1765
1754 1765
1754 1765
1754 5186
1758 2106
1758 2106
1758 5214
1762 3909
1762 3909
1762 3909
1762 6346
1766 2506
1766 2506
1766 2506
1766 6304
1770 3896
1770 3896
1770 3896
1770 6313
1775 3791
1775 3791
1775 3791
1775 6352
1779 1826
1779 1826
1779 1826
1779 5260
1783 2064
1783 2064
1783 5351
1787 2229
1787 2229
1787 2229
1788 2229
1788 5250
1792 1854
1792 1854
1792 1854
1792 5242
1797 1769
1797 1769
1797 1769
1797 6344
1801 1816
1801 1816
1801 1816
1801 5717
1805 2017
1805 2017
1805 6255
1809 2261
1809 2261
1809 2261
1809 5909
1813 1784
1813 1784
1813 1784
1813 1784
1813 5253
1818 1744
1818 1744
1818 5194
1822 4635
1822 4635
1822 4635
1822 5240
1826 1777
1826 1777
1826 1777
1830 1926
1830 1926
1830 1926
1830 1926
1830 5697
1835 1851
1835 1851
1835 1851
1835 6365
1839 1768
1839 1768
1839 5809
1843 2177
1843 2177
1843 2177
1843 5772
1847 2241
1847 2241
1847 2241
1847 5213
1851 4349
1851 4349
1851 5607
1855 1770
1855 1770
1855 1770
1855 1770
1859 6759
1860 6392
1860 5674
1862 1796
1862 1796
1863 1796
1863 6283
1867 2141
1867 2141
1867 2141
1867 5301
1871 2087
1871 2087
1871 2087
1872 2087
1876 3633
1876 3633
1876 3633
1876 5722
1880 1751
1880 1751
1880 1751
1880 6802
1884 4147
1884 4147
1884 4147
1885 6637
1889 4181
1889 4181
1889 4181
1889 4181
1889 5549
1894 3674
1894 3674
1894 3674
1894 5413
1898 2036
1898 2036
1898 5541
1902 1836
1902 1836
1902 1836
1903 1836
1903 5521
1907 1981
1907 1981
1907 1981
1907 6297
1912 1762
1912 1762
1912 1762
1912 5245
1916 1739
1916 1739
1916 1739
1916 6261
1920 1710
1920 1710
1920 5934
1924 1741
1924 1741
1924 1741
1925 1741
1925 5201
1929 1733
1929 1733
1929 1733
1929 6193
1933 2305
1933 2305
1933 2305
1933 5267
1938 1723
1938 1723
1938 1723
1938 5661
1942 1770
1942 1770
1942 5229
1946 1729
1946 1729
1946 1729
1946 5507
1950 1802
1950 1802
1950 1802
1950 1802
1950 6377
1955 2145
1955 2145
1955 5498
1959 1740
1959 1740
1959 1740
1960 1740
1960 6286
1964 2054
1964 2054
1964 2054
1968 4191
1968 4191
1968 4191
1968 5268
1972 1741
1972 1741
1972 1741
1972 5960
1976 4149
1976 4149
1976 4149
1977 5480
1981 1764
1981 1764
1981 1764
1981 6270
1985 1733
1985 1733
1985 1733
1985 5745
1989 1736
1989 1736
1989 5268
1993 4417
1993 4417
1993 4417
1993 5394
1997 1752
1997 1752
1997 1752
1997 5605
2001 1727
2001 1727
2001 5235
2005 2367
2005 2367
2005 2367
2005 5291
2009 3966
2009 3966
2009 3966
2010 3966
2014 2498
2014 2498
2014 2498
2014 5875
2018 1805
2018 1805
2018 1805
2018 5532
2022 3642
2022 3642
2022 3642
2026 1759
2026 1759
2026 1759
2026 5316
2030 2008
2030 2008
2030 2008
2030 5905
2034 2252
2034 2252
2035 2252
2035 5723
2039 1782
2039 1782
2039 1782
2040 1782
2040 6915
2044 3823
2044 3823
2044 3823
2044 5821
2048 1770
2048 1770
2048 1770
2052 6677
2052 6050
2054 1800
2054 1800
2054 1800
2054 6528
2058 3678
2058 3678
2058 5304
2062 3661
2062 3661
2062 3661
2062 5768
2066 2356
2066 2356
2066 2356
2066 5276
2070 1790
2070 1790
2070 5243
2074 1748
2074 1748
2074 1748
2075 1748
2075 6307
2079 1813
2079 1813
2079 1813
2079 5214
2083 1750
2083 1750
2083 1750
2083 5496
2088 1762
2088 1762
2088 1762
2088 1762
2092 5247
2092 6323
2094 3598
2094 3598
2094 6072
2098 1781
2098 1781
2098 1781
2099 1781
2099 5622
2103 2529
2103 2529
2103 2529
2104 5867
2108 2322
2108 2322
2108 2322
2108 2322
2108 6284
2113 2087
2113 2087
2113 2087
2113 5265
2117 1760
2117 1760
2117 1760
2121 5288
2121 6321
2123 1825
2123 1825
2123 1825
2123 5347
2127 2336
2127 2336
2128 2336
2128 2336
2128 6154
2133 1749
2133 1749
2133 1749
2133 6041
2137 4173
2137 4173
2137 4173
2141 1753
2141 1753
2141 1753
2141 6102
2145 1765
2145 1765
2145 1765
2146 1765
2146 6743
2150 2778
2150 2778
2150 5710
2154 1738
2154 1738
2154 1738
2154 6549
2158 2196
2158 2196
2158 2196
2158 6107
2162 1787
2162 1787
2163 1787
2163 6444
2167 3682
2167 3682
2167 3682
2168 3682
2168 5196
2172 1737
2172 1737
2172 1737
2176 2265
2176 2265
2176 2265
2176 5576
2180 3901
2180 3901
2180 3901
2180 5858
2184 4266
2184 4266
2184 5267
2188 4290
2188 4290
2188 4290
2188 6018
2192 1779
2192 1779
2192 1779
2192 6689
2196 2012
2196 2012
2196 5511
2200 2266
2200 2266
2200 2266
2200 5303
2204 1771
2204 1771
2204 1771
2204 5610
2208 3917
2208 3917
2208 5946
2212 1750
2212 1750
2212 1750
2212 1750
2212 5292
2217 2364
2217 2364
2217 2364
2217 2364
2221 5293
2223 2501
2223 2501
2223 2501
2223 5319
2227 3805
2227 3805
2227 3805
2227 3805
2227 5874
2232 1992
2232 1992
2232 1992
2232 5883
2237 2028
2237 2028
2237 2028
2237 5732
2241 1765
2241 1765
2241 1765
2245 6396
2245 6096
2247 1755
2247 1755
2247 1755
2247 5440
2251 1751
2251 1751
2251 1751
2251 5392
2255 1754
2255 1754
2255 1754
2259 6155
2259 5316
2261 2472
2261 2472
2261 2472
2261 5504
2265 1783
2265 1783
2266 1783
2266 1783
2266 5615
2271 1742
2271 1742
2271 1742
2271 1742
2271 6188
2276 1764
2276 1764
2276 5437
2280 4458
2280 4458
2280 4458
2280 4458
2280 5650
2285 3664
2285 3664
2285 3664
2285 3664
2289 5274
2291 1822
2291 1822
2291 1822
2291 1822
2295 5225
2295 6223
2297 2391
2297 2391
2297 2391
2297 5504
2301 1797
2301 1797
2301 6056
2305 1885
2305 1885
2305 1885
2305 5955
2309 3657
2309 3657
2309 3657
2309 5877
2313 2004
2313 2004
2314 2004
2314 5301
2318 2403
2318 2403
2318 2403
2318 5300
2322 1747
2322 1747
2323 1747
2323 1747
2323 5365
2328 4027
2328 4027
2328 4027
2328 4027
2328 6761
2333 2179
2333 2179
2333 2179
2337 1803
2337 1803
2337 1803
2337 1803
2337 6152
2342 4021
2342 4021
2342 4021
2342 5340
2346 2156
2346 2156
2346 2156
2350 5281
2350 5208
2352 1744
2352 1744
2352 1744
2352 6219
2356 1886
2356 1886
2356 1886
2360 3738
2360 3738
2360 3738
2361 3738
2361 5753
2365 1909
2365 1909
2365 1909
2366 1909
2366 6470
2370 2331
2370 2331
2370 5475
2374 1769
2374 1769
2374 1769
2375 1769
2375 5875
2379 1769
2379 1769
2379 1769
2380 5239
2384 2360
2384 2360
2384 2360
2384 2360
2384 5477
2389 1780
2389 1780
2389 1780
2389 6148
2393 1784
2393 1784
2394 1784
2394 5527
2398 4208
2398 4208
2398 4208
2398 4208
2398 5236
2403 1724
2403 1724
2404 1724
2404 6225
2408 2009
2408 2009
2408 2009
2408 5765
2412 1853
2412 1853
2412 1853
2412 5472
2416 2023
2416 2023
2416 6076
2420 2358
2420 2358
2420 2358
2421 2358
2421 7413
2425 1941
2425 1941
2425 1941
2426 5940
2430 1778
2430 1778
2430 1778
2430 5559
2434 1764
2434 1764
2434 1764
2434 5246
2438 1769
2438 1769
2438 5398
2442 4330
2442 4330
2442 4330
2443 4330
2443 5480
2447 3670
2447 3670
2447 3670
2447 3670
2452 1748
2452 1748
2452 1748
2452 5458
2456 1856
2456 1856
2456 1856
2457 1856
2457 5402
2461 1885
2461 1885
2462 1885
2462 6297
2466 1775
2466 1775
2466 1775
2466 1775
2466 5209
2471 3910
2471 3910
2471 3910
2475 1742
2475 1742
2475 1742
2476 1742
2476 1742
2476 5924
2481 1743
2481 1743
2481 1743
2482 1743
2482 1743
2487 1804
2487 1804
2487 1804
2487 5275
2491 2280
2491 2280
2491 2280
2491 6377
2495 1858
2495 1858
2495 5227
2499 2403
2499 2403
2499 2403
2499 6133
2503 1770
2503 1770
2503 1770
2503 6314
2507 3613
2507 3613
2507 3613
2511 6452
2512 5802
2512 5776
2514 1775
2514 1775
2514 1775
2514 5456
2518 3757
2518 3757
2518 5262
2522 2265
2522 2265
2522 2265
2523 2265
2523 5606
2527 1789
2527 1789
2527 1789
2528 1789
2528 1789
2533 1727
2533 1727
2533 1727
2534 1727
2534 1727
2534 5377
2539 2183
2539 2183
2539 2183
2540 2183
2540 5735
2545 4078
2545 4078
2545 4078
2545 5252
2549 2272
2549 2272
2549 2272
2549 6320
2553 1730
2553 1730
2553 5151
2557 1757
2557 1757
2557 1757
2557 5270
2561 1771
2561 1771
2561 1771
2561 5325
2566 2079
2566 2079
2566 5277
2569 1727
2569 1727
2569 1727
2569 5594
2573 1770
2573 1770
2573 1770
2573 5648
2577 1835
2577 1835
2577 6138
2581 2239
2581 2239
2581 2239
2582 2239
2582 5775
2586 1782
2586 1782
2586 1782
2590 1738
2590 1738
2590 1738
2590 5219
2594 3616
2594 3616
2594 3616
2594 5282
2598 2290
2598 2290
2598 2290
2602 1759
2602 1759
2602 1759
2602 5267
2606 1753
2606 1753
2606 1753
2607 1753
2607 6417
2611 1818
2611 1818
2611 5209
2615 4773
2615 4773
2615 4773
2615 6296
2619 2061
2619 2061
2619 2061
2619 5683
2623 2045
2623 2045
2623 2045
2627 5189
2627 5191
2629 1751
2629 1751
2629 1751
2630 1751
2630 5846
2634 1834
2634 1834
2634 5524
2638 2386
2638 2386
2638 2386
2638 2386
2638 5789
2643 1798
2643 1798
2643 1798
2643 5284
2647 2322
2647 2322
2648 2322
2648 6533
2652 1743
2652 1743
2652 1743
2652 5250
2656 1727
2656 1727
2656 1727
2656 6244
2661 2204
2661 2204
2661 2204
2661 2204
2661 5202
2666 1797
2666 1797
2666 1797
2667 1797
2667 5294
2672 1783
2672 1783
2672 1783
2673 1783
2673 6254
2677 1999
2677 1999
2677 1999
2677 5169
2681 1771
2681 1771
2682 1771
2682 5588
2686 1737
2686 1737
2686 1737
2687 1737
2687 6108
2691 1760
2691 1760
2691 5252
2695 1756
2695 1756
2695 1756
2695 6327
2699 1726
2699 1726
2699 1726
2699 5378
2703 1725
2703 1725
2703 6262
2707 4707
2707 4707
2707 4707
2707 5412
2711 2764
2711 2764
2711 2764
2711 5550
2715 2045
2715 2045
2715 2045
2715 6804
2720 2087
2720 2087
2720 2087
2720 5688
2724 1762
2724 1762
2724 1762
2724 5303
2729 3598
2729 3598
2729 3598
2729 6819
2733 2262
2733 2262
2733 2262
2733 6429
2737 1747
2737 1747
2737 5884
2741 2312
2741 2312
2741 2312
2741 5316
2745 2099
2745 2099
2745 2099
2745 6239
2749 4362
2749 4362
2749 4362
2749 5524
2754 1758
2754 1758
2754 1758
2755 1758
2755 5635
2759 1910
2759 1910
2759 1910
2763 2342
2763 2342
2763 2342
2763 5545
2767 1754
2767 1754
2767 1754
2767 6193
2771 2283
2771 2283
2771 5974
2775 2116
2775 2116
2775 2116
2775 5992
2779 1745
2779 1745
2779 1745
2780 1745
2780 5705
2784 4889
2784 4889
2785 4889
2785 5265
2789 1739
2789 1739
2789 1739
2789 6303
2793 2584
2793 2584
2793 2584
2797 5476
2797 5235
2799 2216
2799 2216
2799 2216
2799 2216
2799 5533
2804 1767
2804 1767
2804 1767
2804 1767
2808 5679
2810 1763
2810 1763
2810 1763
2810 6700
2814 2244
2814 2244
2814 2244
2814 5447
2818 1723
2818 1723
2818 6118
2822 2707
2822 2707
2822 2707
2823 2707
2823 6117
2827 1834
2827 1834
2827 1834
2827 5768
2831 1800
2831 1800
2831 10262
2835 2184
2835 2184
2835 2184
2835 5488
2839 1781
2839 1781
2839 1781
2839 6236
2843 2213
2843 2213
2843 5247
2847 3561
2847 3561
2847 3561
2847 6433
2851 2242
2851 2242
2851 2242
2855 2271
2855 2271
2855 2271
2855 2271
2855 6085
2860 1835
2860 1835
2860 1835
2860 1835
2864 1835
2864 6279
2866 1963
2866 1963
2866 5323
2870 1774
2870 1774
2870 1774
2870 1774
2870 5254
2875 1777
2875 1777
2875 5300
2879 4541
2879 4541
2879 4541
2880 4541
2880 6348
2884 1749
2884 1749
2884 1749
2884 6493
2888 1754
2888 1754
2888 6162
2892 1742
2892 1742
2892 1742
2892 1742
2892 6463
2897 1764
2897 1764
2897 1764
2901 2049
2901 2049
2901 2049
2902 2049
2902 5338
2906 2274
2906 2274
2906 2274
2907 2274
2907 6075
2911 2341
2911 2341
2912 2341
2912 2341
2912 6860
2917 3868
2917 3868
2917 3868
2918 3868
2918 5286
2922 3590
2922 3590
2922 5330
2926 1788
2926 1788
2926 1788
2927 1788
2927 6398
2931 2165
2931 2165
2931 2165
2931 2165
2936 2003
2936 2003
2936 2003
2936 5368
2940 1794
2940 1794
2940 1794
2940 1794
2940 5293
2945 2372
2945 2372
2945 5517
2949 3775
2949 3775
2949 3775
2950 3775
2950 6212
2954 2031
2954 2031
2954 2031
2954 5445
2958 1770
2958 1770
2958 5583
2962 1998
2962 1998
2962 1998
2962 5299
2966 1812
2966 1812
2966 1812
2970 1800
2970 1800
2970 1800
2970 6407
2974 4841
2974 4841
2974 4841
2974 4841
2974 5288
2979 2016
2979 2016
2979 2016
2979 5559
2984 1788
2984 1788
2984 1788
2984 5230
2988 2547
2988 2547
2988 2547
2988 5229
2992 3617
2992 3617
2992 5381
2996 2147
2996 2147
2996 2147
2996 2147
2996 2147
2996 2147
2996 2147
2996 2147
2996 2147
2996 2147
2996 2147
2996 2147
2996 2147
2996 2147
2996 2147
2996 2147
2996 2147
2996 2147
