1 2136
2 2136
4 2136
5 2132
6 2131
8 2132
9 2134
11 2134
12 2133
13 2132
15 2133
16 2133
17 2135
19 2132
20 2137
22 2134
23 2136
24 2135
26 2133
27 2133
29 2133
30 2133
31 2134
33 2133
34 2132
35 2134
37 2135
38 2134
40 2136
41 2132
42 2132
44 2134
45 2135
46 2133
48 2134
49 2132
51 2132
52 2135
53 2137
55 2135
56 2134
58 2132
59 2135
60 2134
62 2138
63 2136
64 2135
66 2134
67 2131
69 2135
70 2132
71 2134
73 2131
74 2133
75 2132
77 2134
78 2132
80 2132
81 2132
82 2134
84 2131
85 2132
86 2131
88 2132
89 2132
91 2133
92 2131
93 2133
95 2133
96 2135
98 2133
99 2134
100 2135
102 2134
103 2135
104 2131
106 2130
107 2134
109 2132
110 2133
111 2133
113 2135
114 2135
115 2132
117 2133
118 2133
120 2134
121 2132
122 2136
124 2133
125 2133
127 2130
128 2136
129 2134
131 2132
132 2137
133 2138
135 2133
136 2136
138 2131
139 2133
140 2136
142 2135
143 2132
144 2133
146 2134
147 2133
149 2133
150 2133
151 2134
153 2132
154 2134
156 2134
157 2135
158 2134
160 2135
161 2133
162 2131
164 2135
165 2134
167 2136
168 2135
169 2133
171 2134
172 2131
173 2134
175 2133
176 2129
178 2134
179 2134
180 2133
182 2136
183 2133
185 2134
186 2136
187 2136
189 2133
190 2136
191 2133
193 2132
194 2133
196 2133
197 2136
198 2134
200 2134
201 2134
202 2132
204 2132
205 2133
207 2134
208 2130
209 2133
211 2132
212 2134
214 2135
215 2132
216 2132
218 2133
219 2133
220 2132
222 2134
223 2133
225 2133
226 2133
227 2133
229 2135
230 2134
231 2133
233 2134
234 2133
236 2132
237 2136
238 2131
240 2136
241 2132
242 2133
244 2135
245 2130
247 2134
248 2132
249 2133
251 2132
252 2134
254 2136
255 2133
256 2137
258 2131
259 2135
260 2139
262 2134
263 2134
265 2134
266 2131
267 2132
269 2131
270 2132
271 2132
273 2132
274 2135
276 2132
277 2132
278 2131
280 2133
281 2138
283 2133
284 2134
285 2134
287 2130
288 2134
289 2132
291 2134
292 2136
294 2134
295 2135
296 2134
298 2135
299 2132
300 2131
302 2133
303 2134
305 2133
306 2131
307 2132
309 2129
310 2135
312 2132
313 2133
314 2133
316 2132
317 2136
318 2132
320 2131
321 2133
323 2135
324 2134
325 2136
327 2133
328 2135
329 2132
331 2135
332 2133
334 2133
335 2131
336 2133
338 2133
339 2133
341 2136
342 2133
343 2131
345 2133
346 2132
347 2133
349 2133
350 2132
352 2134
353 2133
354 2134
356 2131
357 2134
358 2132
360 2133
361 2135
363 2131
364 2133
365 2135
367 2134
368 2134
370 2132
371 2134
372 2133
374 2134
375 2135
376 2135
378 2135
379 2131
381 2137
382 2131
383 2134
385 2137
386 2132
387 2136
389 2134
390 2136
392 2133
393 2135
394 2133
396 2133
397 2131
398 2133
400 2132
401 2137
403 2131
404 2131
405 2135
407 2130
408 2132
410 2132
411 2133
412 2135
414 2134
415 2134
416 2132
418 2133
419 2134
421 2136
422 2135
423 2136
425 2134
426 2134
428 2133
429 2131
430 2133
432 2131
433 2135
434 2133
436 2132
437 2132
439 2134
440 2132
441 2132
443 2136
444 2133
445 2132
447 2131
448 2131
450 2133
451 2134
452 2135
454 2136
455 2134
456 2136
458 2131
459 2131
461 2132
462 2132
463 2133
465 2131
466 2134
468 2130
469 2133
470 2132
472 2132
473 2132
474 2135
476 2134
477 2129
479 2134
480 2134
481 2136
483 2133
484 2135
485 2135
487 2135
488 2135
490 2134
491 2134
492 2134
494 2133
495 2132
497 2136
498 2134
499 2136
501 2129
502 2133
503 2132
505 2134
506 2133
508 2134
509 2138
510 2131
512 2133
513 2133
514 2137
516 2136
517 2134
519 2137
520 2134
521 2134
523 2131
524 2132
526 2132
527 2130
528 2135
530 2134
531 2134
532 2129
534 2133
535 2134
537 2134
538 2134
539 2134
541 2132
542 2134
543 2134
545 2133
546 2135
548 2134
549 2132
550 2133
552 2132
553 2132
555 2133
556 2132
557 2134
559 2135
560 2131
561 2135
563 2134
564 2134
566 2133
567 2133
568 2131
570 2133
571 2134
572 2132
574 2137
575 2132
577 2133
578 2132
579 2134
581 2136
582 2131
584 2132
585 2133
586 2135
588 2131
589 2134
590 2130
592 2132
593 2132
595 2136
596 2134
597 2132
599 2133
600 2133
601 2131
603 2132
604 2132
606 2135
607 2134
608 2133
610 2137
611 2133
612 2137
614 2135
615 2131
617 2134
618 2131
619 2134
621 2132
622 2134
624 2133
625 2134
626 2132
628 2134
629 2134
630 2132
632 2134
633 2132
635 2131
636 2133
637 2132
639 2134
640 2131
641 2132
643 2133
644 2135
646 2134
647 2132
648 2132
650 2137
651 2132
653 2133
654 2135
655 2132
657 2135
658 2133
659 2133
661 2131
662 2134
664 2132
665 2135
666 2134
668 2134
669 2135
670 2132
672 2132
673 2134
675 2133
676 2134
677 2135
679 2134
680 2134
682 2133
683 2133
684 2134
686 2136
687 2133
688 2132
690 2132
691 2134
693 2131
694 2133
695 2133
697 2136
698 2134
699 2132
701 2134
702 2136
704 2132
705 2134
706 2133
708 2134
709 2132
711 2134
712 2132
713 2130
715 2131
716 2136
717 2133
719 2131
720 2131
722 2133
723 2134
724 2133
726 2135
727 2132
728 2133
730 2134
731 2131
733 2136
734 2134
735 2135
737 2132
738 2134
740 2135
741 2133
742 2131
744 2134
745 2136
746 2133
748 2133
749 2134
751 2134
752 2133
753 2134
755 2133
756 2131
757 2135
759 2133
760 2135
762 2134
763 2134
764 2135
766 2130
767 2133
769 2131
770 2134
771 2134
773 2132
774 2134
775 2134
777 2133
778 2133
780 2131
781 2135
782 2134
784 2132
785 2133
786 2133
788 2134
789 2137
791 2133
792 2134
793 2134
795 2132
796 2133
798 2131
799 2133
800 2132
802 2132
803 2137
804 2132
806 2132
807 2133
809 2132
810 2131
811 2133
813 2133
814 2134
815 2132
817 2134
818 2134
820 2137
821 2133
822 2136
824 2135
825 2133
826 2133
828 2132
829 2131
831 2132
832 2134
833 2133
835 2136
836 2135
838 2133
839 2133
840 2132
842 2132
843 2132
844 2135
846 2132
847 2134
849 2134
850 2134
851 2133
853 2133
854 2136
855 2133
857 2128
858 2133
860 2133
861 2131
862 2132
864 2133
865 2132
867 2135
868 2134
869 2133
871 2133
872 2131
873 2134
875 2137
876 2131
878 2134
879 2132
880 2132
882 2133
883 2133
884 2133
886 2133
887 2135
889 2134
890 2135
891 2134
893 2135
894 2134
896 2135
897 2133
898 2134
900 2134
901 2135
902 2133
904 2133
905 2133
907 2134
908 2134
909 2134
911 2135
912 2133
913 2135
915 2133
916 2133
918 2133
919 2134
920 2132
922 2132
923 2133
925 2136
926 2130
927 2136
929 2131
930 2136
931 2131
933 2134
934 2135
936 2133
937 2129
938 2137
940 2135
941 2136
942 2134
944 2136
945 2132
947 2130
948 2132
949 2132
951 2135
952 2132
954 2134
955 2134
956 2133
958 2131
959 2133
960 2134
962 2132
963 2134
965 2133
966 2134
967 2135
969 2132
970 2132
971 2136
973 2130
974 2131
976 2131
977 2133
978 2133
980 2132
981 2134
983 2133
984 2132
985 2132
987 2133
988 2131
989 2133
991 2135
992 2131
994 2134
995 2134
996 2133
998 2134
999 2134
1000 2134
1002 2134
1003 2135
1005 2135
1006 2133
1007 2131
1009 2134
1010 2134
1012 2135
1013 2135
1014 2132
1016 2134
1017 2131
1018 2131
1020 2135
1021 2132
1023 2135
1024 2137
1025 2133
1027 2136
1028 2133
1029 2134
1031 2133
1032 2132
1034 2133
1035 2136
1036 2134
1038 2131
1039 2133
1040 2132
1042 2133
1043 2134
1045 2130
1046 2133
1047 2135
1049 2134
1050 2134
1052 2132
1053 2135
1054 2135
1056 2133
1057 2133
1058 2131
1060 2135
1061 2134
1063 2132
1064 2134
1065 2131
1067 2135
1068 2133
1069 2136
1071 2133
1072 2132
1074 2135
1075 2133
1076 2133
1078 2137
1079 2134
1081 2134
1082 2135
1083 2133
1085 2133
1086 2134
1087 2133
1089 2135
1090 2130
1092 2130
1093 2134
1094 2134
1096 2133
1097 2134
1098 2134
1100 2134
1101 2133
1103 2132
1104 2135
1105 2138
1107 2134
1108 2133
1110 2133
1111 2134
1112 2136
1114 2134
1115 2135
1116 2130
1118 2132
1119 2132
1121 2132
1122 2134
1123 2132
1125 2135
1126 2133
1127 2135
1129 2134
1130 2135
1132 2134
1133 2132
1134 2136
1136 2135
1137 2134
1139 2137
1140 2132
1141 2132
1143 2135
1144 2134
1145 2135
1147 2136
1148 2133
1150 2134
1151 2135
1152 2134
1154 2136
1155 2133
1156 2133
1158 2133
1159 2131
1161 2133
1162 2134
1163 2133
1165 2134
1166 2134
1168 2132
1169 2135
1170 2135
1172 2135
1173 2132
1174 2131
1176 2134
1177 2136
1179 2137
1180 2131
1181 2131
1183 2136
1184 2131
1185 2132
1187 2132
1188 2131
1190 2137
1191 2134
1192 2136
1194 2132
1195 2133
1197 2132
1198 2131
1199 2135
1201 2131
1202 2133
1203 2133
1205 2133
1206 2138
1208 2134
1209 2132
1210 2133
1212 2132
1213 2134
1214 2135
1216 2135
1217 2133
1219 2135
1220 2133
1221 2133
1223 2132
1224 2133
1226 2131
1227 2134
1228 2132
1230 2133
1231 2135
1232 2132
1234 2133
1235 2131
1237 2133
1238 2133
1239 2134
1241 2137
1242 2135
1243 2133
1245 2135
1246 2133
1248 2133
1249 2133
1250 2136
1252 2131
1253 2132
1255 2132
1256 2133
1257 2135
1259 2132
1260 2135
1261 2134
1263 2136
1264 2135
1266 2135
1267 2135
1268 2134
1270 2133
1271 2136
1272 2135
1274 2133
1275 2135
1277 2133
1278 2137
1279 2134
1281 2133
1282 2134
1283 2136
1285 2132
1286 2132
1288 2131
1289 2133
1290 2133
1292 2133
1293 2134
1295 2135
1296 2132
1297 2134
1299 2136
1300 2133
1301 2134
1303 2136
1304 2133
1306 2132
1307 2133
1308 2131
1310 2132
1311 2136
1312 2134
1314 2135
1315 2136
1317 2133
1318 2133
1319 2133
1321 2132
1322 2134
1324 2134
1325 2133
1326 2137
1328 2135
1329 2136
1330 2135
1332 2132
1333 2133
1335 2132
1336 2134
1337 2135
1339 2135
1340 2135
1341 2135
1343 2134
1344 2133
1346 2134
1347 2134
1348 2132
1350 2138
1351 2136
1353 2133
1354 2134
1355 2132
1357 2130
1358 2132
1359 2133
1361 2133
1362 2136
1364 2134
1365 2136
1366 2135
1368 2135
1369 2134
1370 2136
1372 2138
1373 2132
1375 2136
1376 2133
1377 2134
1379 2133
1380 2135
1382 2131
1383 2130
1384 2136
1386 2130
1387 2135
1388 2135
1390 2136
1391 2132
1393 2135
1394 2134
1395 2134
1397 2132
1398 2134
1399 2132
1401 2136
1402 2135
1404 2132
1405 2133
1406 2133
1408 2132
1409 2134
1411 2133
1412 2134
1413 2133
1415 2135
1416 2137
1417 2132
1419 2135
1420 2136
1422 2134
1423 2133
1424 2132
1426 2131
1427 2132
1428 2134
1430 2136
1431 2134
1433 2133
1434 2134
1435 2138
1437 2135
1438 2134
1440 2132
1441 2131
1442 2132
1444 2133
1445 2133
1446 2135
1448 2134
1449 2134
1451 2137
1452 2135
1453 2134
1455 2134
1456 2134
1457 2130
1459 2133
1460 2132
1462 2133
1463 2133
1464 2134
1466 2135
1467 2135
1469 2134
1470 2135
1471 2132
1473 2134
1474 2134
1475 2134
1477 2134
1478 2133
1480 2135
1481 2132
1482 2130
1484 2133
1485 2133
1486 2134
1488 2135
1489 2137
1491 2134
1492 2135
1493 2134
1495 2135
1496 2133
1497 2135
1499 2134
1500 2132
1502 2134
1503 2135
1504 2132
1506 2132
1507 2133
1509 2133
1510 2132
1511 2134
1513 2134
1514 2133
1515 2134
1517 2132
1518 2133
1520 2133
1521 2131
1522 2138
1524 2135
1525 2134
1526 2132
1528 2129
1529 2129
1531 2132
1532 2128
1533 2132
1535 2134
1536 2131
1538 2130
1539 2132
1540 2133
1542 2129
1543 2135
1544 2134
1546 2134
1547 2133
1549 2134
1550 2133
1551 2132
1553 2132
1554 2130
1555 2128
1557 2134
1558 2132
1560 2133
1561 2132
1562 2132
1564 2134
1565 2130
1567 2134
1568 2131
1569 2136
1571 2135
1572 2135
1573 2130
1575 2135
1576 2132
1578 2129
1579 2130
1580 2132
1582 2132
1583 2133
1584 2135
1586 2134
1587 2134
1589 2134
1590 2133
1591 2133
1593 2132
1594 2133
1596 2131
1597 2135
1598 2136
1600 2132
1601 2132
1602 2138
1604 2135
1605 2132
1607 2133
1608 2132
1609 2131
1611 2133
1612 2134
1613 2131
1615 2133
1616 2134
1618 2135
1619 2136
1620 2135
1622 2135
1623 2134
1625 2135
1626 2133
1627 2134
1629 2134
1630 2133
1631 2131
1633 2134
1634 2134
1636 2133
1637 2134
1638 2131
1640 2131
1641 2134
1642 2132
1644 2134
1645 2136
1647 2134
1648 2135
1649 2133
1651 2132
1652 2134
1653 2132
1655 2134
1656 2131
1658 2130
1659 2134
1660 2132
1662 2134
1663 2138
1665 2133
1666 2134
1667 2133
1669 2132
1670 2131
1671 2138
1673 2132
1674 2134
1676 2133
1677 2136
1678 2131
1680 2136
1681 2133
1682 2133
1684 2136
1685 2136
1687 2132
1688 2133
1689 2133
1691 2133
1692 2134
1694 2134
1695 2133
1696 2135
1698 2137
1699 2137
1700 2133
1702 2134
1703 2135
1705 2129
1706 2135
1707 2133
1709 2131
1710 2134
1711 2135
1713 2134
1714 2132
1716 2132
1717 2130
1718 2133
1720 2137
1721 2131
1723 2135
1724 2136
1725 2133
1727 2133
1728 2130
1729 2134
1731 2132
1732 2132
1734 2133
1735 2136
1736 2135
1738 2134
1739 2132
1740 2135
1742 2134
1743 2134
1745 2134
1746 2135
1747 2133
1749 2131
1750 2133
1752 2130
1753 2133
1754 2136
1756 2132
1757 2133
1758 2135
1760 2133
1761 2131
1763 2133
1764 2133
1765 2132
1767 2135
1768 2136
1769 2132
1771 2134
1772 2133
1774 2129
1775 2133
1776 2134
1778 2132
1779 2131
1781 2133
1782 2132
1783 2134
1785 2133
1786 2134
1787 2134
1789 2131
1790 2133
1792 2136
1793 2134
1794 2132
1796 2132
1797 2131
1798 2135
1800 2136
1801 2133
1803 2132
1804 2134
1805 2134
1807 2133
