1 850
3 851
5 852
6 852
8 853
10 851
12 849
13 851
15 854
17 853
18 853
20 852
22 851
24 852
25 850
27 853
29 852
31 854
32 854
34 856
36 853
37 855
39 853
41 853
43 852
44 851
46 852
48 850
50 851
51 849
53 851
55 853
56 849
58 851
60 852
62 854
63 853
65 854
67 850
69 851
70 851
72 853
74 852
75 857
77 849
79 852
81 850
82 851
84 855
86 853
88 849
89 853
91 856
93 854
94 854
96 853
98 853
100 853
101 850
103 853
105 850
106 854
108 853
110 853
112 854
113 852
115 851
117 854
119 850
120 854
122 851
124 852
125 852
127 853
129 852
131 852
132 853
134 852
136 853
138 852
139 851
141 852
143 853
144 853
146 853
148 849
150 853
151 850
153 848
155 855
157 853
158 852
160 852
162 849
163 852
165 852
167 849
169 849
170 850
172 850
174 851
175 851
177 855
179 851
181 849
182 853
184 851
186 851
188 854
189 851
191 853
193 852
194 853
196 849
198 853
200 851
201 850
203 852
205 853
207 851
208 853
210 851
212 852
213 851
215 852
217 850
219 856
220 852
222 853
224 854
226 852
227 854
229 850
231 852
232 854
234 853
236 851
238 854
239 852
241 851
243 852
244 852
246 851
248 850
250 854
251 851
253 850
255 854
257 849
258 854
260 853
262 850
263 851
265 853
267 851
269 853
270 851
272 854
274 849
276 852
277 853
279 855
281 857
282 851
284 849
286 851
288 853
289 848
291 852
293 853
295 852
296 854
298 852
300 851
301 851
303 855
305 851
307 851
308 853
310 851
312 851
313 849
315 854
317 853
319 852
320 850
322 851
324 852
326 852
327 852
329 850
331 851
332 852
334 852
336 851
338 852
339 851
341 851
343 853
345 855
346 851
348 854
350 855
351 849
353 853
355 853
357 851
358 852
360 850
362 851
364 851
365 852
367 852
369 851
370 853
372 851
374 852
376 855
377 852
379 852
381 852
382 850
384 849
386 852
388 852
389 853
391 851
393 853
395 851
396 850
398 852
400 853
401 849
403 852
405 849
407 849
408 853
410 851
412 852
414 851
415 852
417 851
419 849
420 852
422 854
424 855
426 852
427 852
429 850
431 854
433 851
434 852
436 852
438 852
439 850
441 854
443 850
445 850
446 853
448 852
450 853
451 852
453 852
455 854
457 853
458 849
460 853
462 853
464 854
465 851
467 853
469 854
470 854
472 852
474 855
476 854
477 852
479 851
481 852
483 854
484 849
486 851
488 854
489 853
491 853
493 851
495 854
496 854
498 854
500 852
502 853
503 851
505 854
507 853
508 855
510 850
512 853
514 852
515 850
517 850
519 856
520 858
522 852
524 854
526 850
527 854
529 853
531 850
533 849
534 852
536 851
538 854
539 853
541 850
543 855
545 853
546 850
548 852
550 852
552 851
553 855
555 855
557 853
558 856
560 853
562 852
564 854
565 854
567 853
569 852
571 854
572 851
574 850
576 851
577 852
579 853
581 852
583 852
584 852
586 853
588 852
589 849
591 850
593 852
595 850
596 855
598 853
600 848
602 851
603 853
605 850
607 854
608 852
610 853
612 850
614 851
615 851
617 852
619 851
621 851
622 851
624 854
626 855
627 850
629 850
631 851
633 853
634 849
636 855
638 851
640 850
641 851
643 852
645 854
646 852
648 852
650 853
652 854
653 851
655 854
657 852
658 852
660 855
662 852
664 851
665 854
667 853
669 848
671 853
672 855
674 852
676 851
677 849
679 851
681 853
683 852
684 852
686 852
688 852
690 854
691 853
693 853
695 853
696 853
698 852
700 852
702 854
703 851
705 852
707 852
709 854
710 851
712 851
714 849
715 852
717 851
719 852
721 849
722 853
724 850
726 854
727 851
729 854
731 855
733 852
734 850
736 850
738 851
740 851
741 852
743 852
745 853
746 850
748 849
750 850
752 853
753 851
755 851
757 851
759 851
760 851
762 854
764 852
765 855
767 851
769 852
771 851
772 855
774 848
776 852
778 852
779 849
781 853
783 850
784 853
786 852
788 853
790 852
791 851
793 853
795 850
796 853
798 850
800 850
802 852
803 852
805 852
807 852
809 850
810 853
812 851
814 852
815 856
817 850
819 855
821 851
822 852
824 851
826 856
828 849
829 854
831 851
833 853
834 851
836 850
838 851
840 852
841 853
843 849
845 853
847 851
848 854
850 851
852 853
853 854
855 855
857 851
859 854
860 852
862 850
864 854
865 857
867 851
869 851
871 849
872 849
874 851
876 852
878 852
879 854
881 853
883 854
884 852
886 852
888 854
890 852
891 854
893 853
895 850
897 851
898 852
900 852
902 852
903 851
905 854
907 851
909 854
910 851
912 854
914 853
916 851
917 849
919 852
921 850
922 853
924 853
926 854
928 854
929 850
931 848
933 852
935 851
936 852
938 850
940 850
941 854
943 852
945 850
947 853
948 854
950 852
952 854
953 852
955 850
957 856
959 853
960 856
962 849
964 851
966 854
967 853
969 849
971 853
972 851
974 852
976 851
978 851
979 852
981 852
983 850
985 848
986 851
988 852
990 852
991 852
993 856
995 853
997 851
998 852
1000 851
1002 850
1004 849
1005 851
1007 851
1009 852
1010 851
1012 850
1014 851
1016 851
1017 850
1019 851
1021 852
1022 851
1024 851
1026 851
1028 854
1029 850
1031 855
1033 854
1035 851
1036 852
1038 849
1040 851
1041 851
1043 851
1045 853
1047 850
1048 852
1050 852
1052 854
1054 850
1055 853
1057 852
1059 852
1060 853
1062 852
1064 854
1066 854
1067 851
1069 852
1071 851
1073 850
1074 852
1076 851
1078 852
1079 851
1081 850
1083 851
1085 851
1086 852
1088 850
1090 853
1091 854
1093 854
1095 852
1097 853
1098 851
1100 852
1102 849
1104 854
1105 854
1107 853
1109 853
1110 852
1112 854
1114 851
1116 849
1117 852
1119 853
1121 852
1123 851
1124 852
1126 855
1128 853
1129 852
1131 853
1133 852
1135 853
1136 853
1138 852
1140 852
1142 853
1143 854
1145 852
1147 854
1148 850
1150 851
1152 854
1154 848
1155 852
1157 850
1159 851
1160 853
1162 853
1164 851
1166 854
1167 853
1169 852
1171 850
1173 851
1174 849
1176 851
1178 851
1179 852
1181 853
1183 853
1185 851
1186 851
1188 853
1190 855
1192 852
1193 852
1195 853
1197 852
1198 851
1200 852
1202 850
1204 852
1205 852
1207 852
1209 852
1211 853
1212 854
1214 853
1216 851
1217 854
1219 854
1221 852
1223 852
1224 851
1226 854
1228 853
1230 854
1231 849
1233 854
1235 852
1236 851
1238 849
1240 853
1242 852
1243 852
1245 851
1247 852
1248 852
1250 852
1252 853
1254 851
1255 851
1257 850
1259 854
1261 851
1262 854
1264 851
1266 852
1267 854
1269 854
1271 852
1273 853
1274 853
1276 851
1278 852
1280 854
1281 854
1283 851
1285 853
1286 853
1288 849
1290 850
1292 854
1293 853
1295 851
1297 850
1299 853
1300 851
1302 853
1304 854
1305 851
1307 850
1309 853
1311 849
1312 851
1314 850
1316 852
1317 851
1319 852
1321 853
1323 848
1324 852
1326 853
1328 852
1330 852
1331 853
1333 851
1335 852
1336 853
1338 853
1340 853
1342 854
1343 854
1345 852
1347 854
1349 854
1350 854
1352 851
1354 850
1355 850
1357 852
1359 850
1361 852
1362 851
1364 850
1366 854
1368 852
1369 854
1371 851
1373 852
1374 851
1376 851
1378 853
1380 854
1381 853
1383 854
1385 851
1386 852
1388 852
1390 853
1392 853
1393 848
1395 852
1397 854
1399 853
1400 853
1402 854
1404 853
1405 849
1407 852
1409 852
1411 851
1412 851
1414 854
1416 852
1418 852
1419 852
1421 853
1423 855
1424 851
1426 852
1428 854
1430 854
1431 852
1433 850
1435 851
1437 853
1438 851
1440 857
1442 854
1443 852
1445 854
1447 851
1449 855
1450 850
1452 852
1454 854
1455 851
1457 855
1459 851
1461 850
1462 854
1464 851
1466 849
1468 854
1469 851
1471 850
1473 852
1474 852
1476 852
1478 853
1480 850
1481 851
1483 850
1485 854
1487 851
1488 850
1490 852
1492 854
1493 853
1495 849
1497 849
1499 853
1500 851
1502 851
1504 854
1506 851
1507 852
1509 850
1511 853
1512 853
1514 854
1516 852
1518 853
1519 850
1521 850
1523 851
1525 853
1526 853
1528 852
1530 853
1531 854
1533 852
1535 853
1537 853
1538 852
1540 852
1542 854
1543 851
1545 851
1547 854
1549 853
1550 849
1552 851
1554 852
1556 850
1557 853
1559 851
1561 852
1562 855
1564 854
1566 853
1568 852
1569 850
1571 851
1573 854
1575 849
1576 849
1578 853
1580 853
1581 853
1583 850
1585 852
1587 851
1588 853
1590 852
1592 852
1593 854
1595 852
1597 852
1599 855
1600 857
1602 850
1604 853
1606 851
1607 851
1609 852
1611 851
1612 852
1614 851
1616 852
1618 852
1619 853
1621 851
1623 851
1625 853
1626 852
1628 854
1630 850
1631 852
1633 852
1635 852
1637 852
1638 852
1640 853
1642 848
1644 853
1645 849
1647 850
1649 853
1650 854
1652 851
1654 852
1656 851
1657 853
1659 850
1661 852
1662 852
1664 853
1666 849
1668 851
1669 853
1671 851
1673 852
1675 854
1676 853
1678 852
1680 851
1681 855
1683 853
1685 852
1687 851
1688 853
1690 848
1692 852
1694 853
1695 854
1697 853
1699 852
1700 852
1702 853
1704 852
1706 850
1707 852
1709 853
1711 852
1713 850
1714 850
1716 851
1718 853
1719 852
1721 854
1723 854
1725 852
1726 851
1728 850
1730 854
1732 850
1733 851
1735 850
1737 850
1738 851
1740 852
1742 855
1744 854
1745 849
1747 851
1749 853
1750 854
1752 851
1754 853
1756 853
1757 851
1759 853
1761 853
1763 855
1764 852
1766 853
1768 852
1769 850
1771 853
1773 851
1775 853
1776 853
1778 855
1780 853
1782 853
1783 852
1785 853
1787 851
1788 850
1790 850
1792 853
1794 854
1795 852
1797 852
1799 851
1801 850
1802 853
1804 853
1806 850
1807 850
1809 851
1811 852
1813 853
1814 853
1816 850
1818 853
1819 850
1821 852
1823 850
1825 853
1826 851
1828 851
1830 850
1832 851
1833 849
1835 852
1837 855
1838 854
1840 852
1842 852
1844 856
1845 852
1847 851
1849 851
1851 853
1852 850
1854 853
1856 853
1857 852
1859 850
1861 850
1863 852
1864 852
1866 855
1868 855
1870 852
1871 851
1873 853
1875 852
1876 853
1878 852
1880 851
1882 850
1883 854
1885 852
1887 850
1888 852
1890 851
1892 853
1894 850
1895 851
1897 848
1899 853
1901 853
1902 850
1904 851
1906 851
1907 852
1909 851
1911 853
1913 850
1914 851
1916 853
1918 850
1920 849
1921 849
1923 849
1925 852
1926 853
1928 852
1930 851
1932 855
1933 854
1935 850
1937 852
1939 851
1940 850
1942 851
1944 850
1945 850
1947 854
1949 851
1951 851
1952 854
1954 849
1956 851
1957 856
1959 851
1961 853
1963 852
1964 853
1966 848
1968 852
1970 852
1971 854
1973 849
1975 850
1976 852
1978 856
1980 855
1982 852
1983 852
1985 849
1987 852
1989 853
1990 850
1992 853
1994 851
1995 855
1997 854
1999 851
2001 853
2002 854
2004 852
2006 853
2008 849
2009 852
2011 856
2013 853
2014 853
2016 852
2018 852
2020 852
2021 852
2023 852
2025 853
2026 855
2028 854
2030 854
2032 853
2033 851
2035 851
2037 851
2039 848
2040 850
2042 851
2044 854
2045 850
2047 849
2049 852
2051 848
2052 852
2054 850
2056 853
2058 852
2059 854
2061 853
2063 851
2064 852
2066 851
2068 853
2070 855
2071 850
2073 851
2075 854
2077 852
2078 851
2080 853
2082 854
2083 851
2085 851
2087 851
2089 852
2090 851
2092 851
2094 851
2096 853
2097 852
2099 850
2101 853
2102 852
2104 851
2106 850
2108 851
2109 851
2111 852
2113 850
2114 852
2116 850
2118 850
2120 851
2121 854
2123 851
2125 853
2127 852
2128 850
2130 852
2132 852
2133 850
2135 852
2137 849
2139 853
2140 851
2142 854
2144 853
2146 848
2147 853
2149 851
2151 853
2152 850
2154 851
2156 851
2158 853
2159 854
2161 850
2163 851
2164 851
2166 853
2168 854
2170 850
2171 850
2173 853
2175 854
2177 852
2178 853
2180 851
2182 852
2183 852
2185 850
2187 852
2189 849
2190 852
2192 853
2194 852
2196 851
2197 851
2199 851
2201 853
2202 850
2204 850
2206 852
2208 854
2209 849
2211 849
2213 851
2215 852
2216 851
2218 852
2220 851
2221 850
2223 853
2225 855
2227 851
2228 854
2230 851
2232 856
2234 848
2235 854
2237 853
2239 852
2240 852
2242 851
2244 853
2246 849
2247 855
2249 854
2251 851
2252 854
2254 850
2256 850
2258 854
2259 851
2261 854
2263 854
2265 849
2266 851
2268 849
2270 850
2271 854
2273 854
2275 853
2277 851
2278 852
2280 855
2282 854
2284 850
2285 854
2287 850
2289 849
2290 851
2292 853
2294 851
2296 851
2297 853
2299 856
2301 852
2303 857
2304 853
2306 852
2308 852
2309 847
2311 853
2313 853
2315 851
2316 853
2318 853
2320 850
2321 852
2323 850
2325 852
2327 852
2328 851
2330 852
2332 851
2334 854
2335 852
2337 852
2339 849
2340 852
2342 851
2344 853
2346 851
2347 853
2349 851
2351 850
2353 851
2354 851
2356 851
2358 847
2359 849
2361 851
2363 851
2365 852
2366 850
2368 850
2370 851
2372 851
2373 853
2375 851
2377 851
2378 850
2380 854
2382 849
2384 850
2385 852
2387 853
2389 852
2390 851
2392 851
2394 850
2396 852
2397 851
2399 852
2401 856
2403 853
2404 852
2406 853
2408 852
2409 851
2411 850
2413 853
2415 853
2416 855
2418 852
2420 854
2422 854
2423 851
2425 855
2427 852
2428 854
2430 853
2432 850
2434 854
2435 852
2437 853
2439 853
2441 853
2442 852
2444 853
2446 851
2447 851
2449 852
2451 851
2453 849
2454 853
2456 852
2458 856
2459 851
2461 856
2463 853
2465 850
2466 853
2468 852
2470 852
2472 855
2473 850
2475 853
2477 851