1 3633
2 3631
4 3633
5 3634
6 3634
8 3631
9 3633
11 3633
12 3632
13 3631
15 3635
16 3631
17 3631
19 3631
20 3634
22 3632
23 3633
24 3630
26 3633
27 3631
29 3632
30 3631
31 3635
33 3631
34 3632
35 3630
37 3631
38 3630
40 3632
41 3629
42 3631
44 3633
45 3633
46 3631
48 3635
49 3631
51 3630
52 3630
53 3633
55 3631
56 3633
58 3630
59 3630
60 3635
62 3635
63 3634
64 3634
66 3633
67 3633
69 3631
70 3629
71 3632
73 3631
74 3635
75 3630
77 3629
78 3632
80 3632
81 3632
82 3634
84 3632
85 3631
87 3629
88 3630
89 3632
91 3636
92 3634
93 3632
95 3631
96 3632
98 3631
99 3632
100 3632
102 3632
103 3632
104 3631
106 3630
107 3631
109 3634
110 3631
111 3630
113 3632
114 3630
116 3632
117 3632
118 3636
120 3630
121 3632
122 3635
124 3634
125 3629
127 3633
128 3633
129 3634
131 3634
132 3632
133 3631
135 3631
136 3629
138 3631
139 3631
140 3632
142 3630
143 3634
145 3635
146 3631
147 3636
149 3632
150 3632
151 3632
153 3634
154 3632
156 3629
157 3631
158 3629
160 3636
161 3633
162 3634
164 3633
165 3633
167 3632
168 3629
169 3630
171 3630
172 3631
174 3632
175 3634
176 3633
178 3633
179 3635
180 3632
182 3632
183 3632
185 3632
186 3631
187 3632
189 3632
190 3629
191 3632
193 3630
194 3637
196 3635
197 3635
198 3634
200 3632
201 3631
202 3633
204 3631
205 3635
207 3633
208 3631
209 3630
211 3630
212 3631
214 3633
215 3630
216 3632
218 3633
219 3630
220 3632
222 3634
223 3629
225 3633
226 3630
227 3632
229 3633
230 3630
231 3632
233 3630
234 3635
236 3630
237 3632
238 3634
240 3633
241 3630
243 3634
244 3630
245 3634
247 3633
248 3631
249 3630
251 3629
252 3631
254 3634
255 3631
256 3632
258 3631
259 3630
260 3631
262 3637
263 3633
265 3635
266 3631
267 3635
269 3630
270 3633
272 3630
273 3635
274 3633
276 3633
277 3632
278 3632
280 3629
281 3636
283 3632
284 3632
285 3630
287 3633
288 3632
289 3634
291 3629
292 3638
294 3632
295 3635
296 3630
298 3637
299 3633
301 3629
302 3637
303 3632
305 3632
306 3633
307 3635
309 3629
310 3630
312 3632
313 3632
314 3631
316 3631
317 3632
318 3632
320 3629
321 3634
323 3631
324 3632
325 3632
327 3630
328 3630
330 3632
331 3631
332 3632
334 3634
335 3633
336 3633
338 3633
339 3631
341 3629
342 3634
343 3630
345 3631
346 3632
347 3631
349 3633
350 3632
352 3630
353 3635
354 3634
356 3630
357 3633
359 3632
360 3632
361 3630
363 3633
364 3634
365 3631
367 3635
368 3632
370 3636
371 3634
372 3631
374 3634
375 3634
376 3633
378 3634
379 3630
381 3632
382 3630
383 3635
385 3631
386 3632
387 3634
389 3632
390 3632
392 3633
393 3632
394 3632
396 3633
397 3631
399 3634
400 3632
401 3632
403 3634
404 3636
405 3638
407 3629
408 3628
410 3631
411 3632
412 3631
414 3632
415 3632
416 3629
418 3632
419 3631
421 3635
422 3628
423 3629
425 3634
426 3636
428 3634
429 3631
430 3633
432 3633
433 3632
434 3631
436 3632
437 3631
439 3630
440 3632
441 3631
443 3634
444 3633
445 3633
447 3632
448 3634
450 3631
451 3637
452 3635
454 3632
455 3632
457 3633
458 3629
459 3632
461 3638
462 3631
463 3638
465 3634
466 3628
468 3634
469 3632
470 3631
472 3632
473 3632
474 3630
476 3634
477 3630
479 3631
480 3635
481 3630
483 3630
484 3633
486 3634
487 3635
488 3632
490 3633
491 3632
492 3630
494 3632
495 3628
497 3633
498 3632
499 3632
501 3632
502 3631
503 3632
505 3631
506 3630
508 3635
509 3630
510 3633
512 3635
513 3632
515 3636
516 3635
517 3631
519 3635
520 3631
521 3631
523 3632
524 3631
526 3630
527 3632
528 3631
530 3632
531 3634
532 3632
534 3631
535 3632
537 3630
538 3631
539 3629
541 3632
542 3630
543 3634
545 3632
546 3630
548 3632
549 3630
550 3635
552 3634
553 3628
555 3632
556 3632
557 3631
559 3631
560 3630
561 3629
563 3635
564 3632
566 3636
567 3632
568 3636
570 3633
571 3635
572 3630
574 3632
575 3633
577 3632
578 3632
579 3634
581 3631
582 3632
584 3632
585 3635
586 3631
588 3633
589 3631
590 3632
592 3631
593 3632
595 3633
596 3634
597 3630
599 3628
600 3631
601 3628
603 3632
604 3630
606 3630
607 3633
608 3633
610 3630
611 3630
613 3633
614 3630
615 3631
617 3633
618 3631
619 3629
621 3630
622 3631
624 3634
625 3633
626 3633
628 3631
629 3630
630 3630
632 3634
633 3630
635 3632
636 3630
637 3629
639 3629
640 3631
642 3629
643 3634
644 3629
646 3632
647 3635
648 3634
650 3631
651 3633
653 3628
654 3635
655 3631
657 3632
658 3634
659 3631
661 3627
662 3633
664 3636
665 3631
666 3636
668 3630
669 3634
671 3633
672 3632
673 3631
675 3632
676 3636
677 3632
679 3631
680 3631
682 3632
683 3628
684 3632
686 3634
687 3629
688 3631
690 3631
691 3631
693 3636
694 3631
695 3637
697 3635
698 3633
700 3637
701 3631
702 3633
704 3630
705 3631
706 3634
708 3632
709 3632
711 3632
712 3632
713 3636
715 3635
716 3629
717 3632
719 3629
720 3631
722 3634
723 3631
724 3632
726 3633
727 3633
728 3632
730 3630
731 3632
733 3633
734 3631
735 3628
737 3628
738 3631
740 3633
741 3635
742 3636
744 3634
745 3631
746 3634
748 3634
749 3631
751 3631
752 3634
753 3631
755 3633
756 3630
757 3634
759 3632
760 3631
762 3632
763 3633
764 3633
766 3635
767 3634
769 3635
770 3631
771 3632
773 3634
774 3631
775 3634
777 3630
778 3632
780 3633
781 3632
782 3633
784 3628
785 3630
786 3632
788 3637
789 3633
791 3631
792 3634
793 3632
795 3632
796 3630
798 3632
799 3635
800 3631
802 3632
803 3632
804 3634
806 3632
807 3634
809 3635
810 3630
811 3631
813 3635
814 3629
815 3629
817 3630
818 3632
820 3629
821 3631
822 3633
824 3630
825 3630
827 3633
828 3630
829 3633
831 3634
832 3632
833 3630
835 3631
836 3631
838 3636
839 3635
840 3631
842 3633
843 3633
844 3631
846 3631
847 3634
849 3633
850 3632
851 3632
853 3635
854 3629
856 3629
857 3637
858 3636
860 3632
861 3630
862 3633
864 3631
865 3631
867 3633
868 3632
869 3631
871 3634
872 3634
873 3631
875 3632
876 3631
878 3633
879 3631
880 3634
882 3633
883 3632
885 3631
886 3632
887 3630
889 3633
890 3630
891 3632
893 3631
894 3629
896 3633
897 3631
898 3632
900 3632
901 3637
902 3632
904 3630
905 3633
907 3631
908 3632
909 3631
911 3632
912 3631
914 3631
915 3632
916 3632
918 3632
919 3631
920 3631
922 3633
923 3632
925 3633
926 3633
927 3633
929 3632
930 3635
931 3636
933 3632
934 3634
936 3633
937 3629
938 3632
940 3629
941 3632
942 3632
944 3635
945 3628
947 3629
948 3633
949 3631
951 3632
952 3633
954 3633
955 3633
956 3631
958 3634
959 3632
960 3633
962 3635
963 3630
965 3637
966 3633
967 3631
969 3630
970 3632
971 3632
973 3633
974 3631
976 3631
977 3631
978 3630
980 3635
981 3633
983 3635
984 3629
985 3631
987 3633
988 3635
989 3634
991 3631
992 3632
994 3632
995 3632
996 3636
998 3630
999 3631
1000 3631
1002 3629
1003 3632
1005 3630
1006 3631
1007 3630
1009 3632
1010 3630
1012 3632
1013 3633
1014 3633
1016 3631
1017 3636
1018 3629
1020 3633
1021 3632
1023 3629
1024 3631
1025 3633
1027 3629
1028 3631
1029 3631
1031 3631
1032 3631
1034 3632
1035 3631
1036 3632
1038 3632
1039 3634
1041 3630
1042 3632
1043 3632
1045 3631
1046 3632
1047 3633
1049 3631
1050 3630
1052 3630
1053 3630
1054 3633
1056 3632
1057 3632
1058 3632
1060 3632
1061 3633
1063 3632
1064 3631
1065 3632
1067 3633
1068 3631
1070 3632
1071 3632
1072 3634
1074 3635
1075 3632
1076 3632
1078 3634
1079 3630
1081 3631
1082 3631
1083 3631
1085 3633
1086 3631
1087 3631
1089 3631
1090 3629
1092 3632
1093 3636
1094 3630
1096 3633
1097 3632
1099 3632
1100 3632
1101 3633
1103 3633
1104 3632
1105 3635
1107 3635
1108 3631
1110 3631
1111 3632
1112 3632
1114 3631
1115 3631
1116 3633
1118 3633
1119 3633
1121 3632
1122 3631
1123 3629
1125 3630
1126 3631
1127 3631
1129 3637
1130 3631
1132 3629
1133 3631
1134 3631
1136 3633
1137 3634
1139 3629
1140 3630
1141 3630
1143 3634
1144 3631
1145 3630
1147 3633
1148 3633
1150 3629
1151 3629
1152 3629
1154 3630
1155 3631
1156 3631
1158 3637
1159 3633
1161 3628
1162 3633
1163 3633
1165 3631
1166 3631
1168 3632
1169 3631
1170 3631
1172 3630
1173 3634
1174 3630
1176 3630
1177 3631
1179 3632
1180 3627
1181 3632
1183 3635
1184 3634
1185 3635
1187 3630
1188 3633
1190 3633
1191 3633
1192 3631
1194 3634
1195 3634
1197 3631
1198 3633
1199 3636
1201 3634
1202 3630
1203 3633
1205 3631
1206 3633
1208 3635
1209 3630
1210 3632
1212 3632
1213 3629
1214 3631
1216 3633
1217 3630
1219 3637
1220 3635
1221 3632
1223 3630
1224 3631
1226 3632
1227 3634
1228 3631
1230 3631
1231 3631
1232 3631
1234 3631
1235 3632
1237 3633
1238 3633
1239 3632
1241 3635
1242 3634
1243 3633
1245 3633
1246 3631
1248 3638
1249 3632
1250 3629
1252 3632
1253 3632
1255 3632
1256 3633
1257 3635
1259 3632
1260 3632
1261 3631
1263 3633
1264 3633
1266 3629
1267 3630
1268 3631
1270 3631
1271 3634
1272 3633
1274 3631
1275 3631
1277 3634
1278 3635
1279 3634
1281 3632
1282 3637
1284 3633
1285 3632
1286 3631
1288 3632
1289 3633
1290 3633
1292 3635
1293 3631
1295 3637
1296 3634
1297 3631
1299 3632
1300 3634
1301 3629
1303 3632
1304 3634
1306 3631
1307 3631
1308 3632
1310 3632
1311 3635
1313 3631
1314 3632
1315 3633
1317 3633
1318 3632
1319 3633
1321 3632
1322 3630
1324 3636
1325 3636
1326 3631
1328 3631
1329 3631
1330 3632
1332 3629
1333 3634
1335 3633
1336 3634
1337 3626
1339 3631
1340 3630
1341 3632
1343 3631
1344 3629
1346 3629
1347 3632
1348 3632
1350 3632
1351 3629
1353 3631
1354 3630
1355 3633
1357 3635
1358 3631
1359 3630
1361 3631
1362 3630
1364 3633
1365 3628
1366 3633
1368 3632
1369 3631
1370 3630
1372 3633
1373 3633
1375 3631
1376 3633
1377 3632
1379 3635
1380 3632
1382 3630
1383 3630
1384 3633
1386 3634
1387 3633
1388 3629
1390 3631
1391 3632
1393 3632
1394 3634
1395 3635
1397 3635
1398 3632
1399 3631
1401 3629
1402 3636
1404 3630
1405 3632
1406 3628
1408 3633
1409 3632
1411 3629
1412 3630
1413 3633
1415 3633
1416 3630
1417 3630
1419 3629
1420 3633
1422 3629
1423 3633
1424 3632
1426 3631
1427 3631
1428 3630
1430 3632
1431 3633
1433 3633
1434 3631
1435 3629
1437 3630
1438 3633
1440 3634
1441 3633
1442 3631
1444 3633
1445 3634
1446 3630
1448 3632
1449 3631
1451 3634
1452 3631
1453 3633
1455 3633
1456 3629
1457 3629
1459 3633
1460 3630
1462 3635
1463 3629
1464 3631
1466 3629
1467 3631
1469 3628
1470 3631
1471 3633
1473 3632
1474 3633
1475 3633
1477 3629
1478 3631
1480 3632
1481 3633
1482 3632
1484 3633
1485 3632
1486 3631
1488 3632
1489 3637
1491 3632
1492 3633
1493 3631
1495 3631
1496 3632
1498 3631
1499 3633
1500 3637
1502 3630
1503 3632
1504 3632
1506 3630
1507 3633
1509 3633
1510 3633
1511 3631
1513 3630
1514 3632
1515 3631
1517 3632
1518 3632
1520 3629
1521 3632
1522 3631
1524 3631
1525 3635
1527 3633
1528 3632
1529 3631
1531 3631
1532 3633
1533 3629
1535 3631
1536 3633
1538 3629
1539 3628
1540 3632
1542 3630
1543 3631
1544 3633
1546 3635
1547 3633
1549 3634
1550 3637
1551 3632
1553 3631
1554 3630
1556 3633
1557 3631
1558 3631
1560 3631
1561 3631
1562 3631
1564 3633
1565 3631
1567 3632
1568 3635
1569 3632
1571 3632
1572 3634
1573 3634
1575 3637
1576 3632
1578 3632
1579 3632
1580 3632
1582 3632
1583 3634
1585 3633
1586 3632
1587 3632
1589 3633
1590 3635
1591 3627
1593 3632
1594 3632
1596 3630
1597 3631
1598 3634
1600 3633
1601 3633
1602 3629
1604 3633
1605 3632
1607 3631
1608 3634
1609 3632
1611 3630
1612 3634
1613 3633
1615 3633
1616 3631
1618 3633
1619 3632
1620 3634
1622 3634
1623 3633
1625 3636
1626 3631
1627 3632
1629 3632
1630 3634
1631 3629
1633 3635
1634 3632
1636 3631
1637 3634
1638 3634
1640 3633
1641 3630
1642 3634
1644 3636
1645 3633
1647 3632
1648 3632
1649 3631
1651 3633
1652 3630
1654 3628
1655 3633
1656 3632
1658 3634
1659 3632
1660 3633
1662 3633
1663 3635
1665 3633
1666 3629
1667 3636
1669 3632
1670 3635
1671 3634
1673 3633
1674 3631
1676 3634
1677 3632
1678 3632
1680 3632
1681 3631
1683 3636
1684 3631
1685 3635
1687 3631
1688 3632
1689 3631
1691 3629
1692 3635
1694 3633
1695 3632
1696 3633
1698 3632
1699 3630
1700 3632
