1 1038
2 1037
4 1039
5 1039
6 1034
8 1037
9 1033
11 1038
12 1034
13 1038
15 1032
16 1035
17 1036
19 1035
20 1033
22 1033
23 1033
24 1036
26 1039
27 1034
29 1035
30 1033
31 1038
33 1035
34 1038
35 1035
37 1034
38 1036
40 1033
41 1038
42 1033
44 1038
45 1037
46 1035
48 1034
49 1034
51 1031
52 1036
53 1032
55 1036
56 1037
58 1038
59 1033
60 1034
62 1032
63 1035
64 1036
66 1033
67 1036
69 1040
70 1034
71 1032
73 1036
74 1035
75 1035
77 1033
78 1033
80 1037
81 1037
82 1034
84 1039
85 1035
87 1036
88 1036
89 1032
91 1037
92 1035
93 1035
95 1031
96 1036
98 1033
99 1036
100 1033
102 1037
103 1035
104 1036
106 1034
107 1035
109 1034
110 1036
111 1038
113 1035
114 1037
115 1036
117 1039
118 1036
120 1035
121 1032
122 1037
124 1033
125 1036
127 1035
128 1036
129 1036
131 1034
132 1034
133 1034
135 1032
136 1035
138 1038
139 1033
140 1037
142 1036
143 1039
144 1034
146 1035
147 1030
149 1039
150 1034
151 1035
153 1032
154 1039
156 1037
157 1037
158 1036
160 1031
161 1037
162 1037
164 1034
165 1035
167 1034
168 1037
169 1036
171 1039
172 1031
173 1034
175 1033
176 1032
178 1037
179 1034
180 1036
182 1034
183 1031
185 1034
186 1034
187 1034
189 1034
190 1035
191 1039
193 1037
194 1038
196 1037
197 1036
198 1035
200 1037
201 1034
202 1033
204 1033
205 1034
207 1030
208 1034
209 1035
211 1035
212 1034
214 1033
215 1036
216 1033
218 1033
219 1033
220 1031
222 1037
223 1035
225 1034
226 1031
227 1036
229 1032
230 1037
231 1032
233 1033
234 1034
236 1036
237 1037
238 1034
240 1038
241 1037
243 1035
244 1034
245 1033
247 1036
248 1034
249 1039
251 1036
252 1036
254 1033
255 1033
256 1034
258 1036
259 1035
260 1032
262 1035
263 1036
265 1034
266 1031
267 1037
269 1035
270 1033
271 1038
273 1035
274 1035
276 1031
277 1038
278 1038
280 1035
281 1035
283 1036
284 1034
285 1035
287 1038
288 1033
289 1036
291 1037
292 1039
294 1039
295 1033
296 1036
298 1031
299 1034
300 1034
302 1035
303 1035
305 1032
306 1034
307 1037
309 1034
310 1034
312 1035
313 1032
314 1033
316 1033
317 1039
318 1034
320 1036
321 1034
323 1039
324 1039
325 1037
327 1036
328 1039
329 1033
331 1033
332 1033
334 1037
335 1036
336 1036
338 1033
339 1039
341 1037
342 1033
343 1037
345 1031
346 1037
347 1036
349 1034
350 1035
352 1037
353 1032
354 1035
356 1031
357 1039
358 1034
360 1035
361 1035
363 1034
364 1034
365 1032
367 1036
368 1037
370 1037
371 1036
372 1032
374 1036
375 1032
376 1039
378 1037
379 1037
381 1039
382 1038
383 1039
385 1035
386 1036
387 1034
389 1034
390 1034
392 1034
393 1037
394 1033
396 1031
397 1032
399 1032
400 1034
401 1035
403 1037
404 1033
405 1036
407 1038
408 1036
410 1039
411 1036
412 1037
414 1031
415 1040
416 1035
418 1038
419 1033
421 1033
422 1032
423 1036
425 1033
426 1034
428 1033
429 1035
430 1040
432 1033
433 1038
434 1035
436 1035
437 1032
439 1035
440 1036
441 1034
443 1033
444 1030
445 1032
447 1034
448 1033
450 1037
451 1032
452 1035
454 1037
455 1035
456 1035
458 1037
459 1033
461 1033
462 1035
463 1035
465 1031
466 1036
468 1034
469 1038
470 1038
472 1035
473 1038
474 1034
476 1032
477 1032
479 1036
480 1036
481 1032
483 1032
484 1035
485 1036
487 1035
488 1035
490 1034
491 1033
492 1036
494 1033
495 1035
497 1035
498 1036
499 1036
501 1035
502 1035
503 1038
505 1035
506 1034
508 1036
509 1034
510 1036
512 1035
513 1035
514 1035
516 1037
517 1034
519 1037
520 1037
521 1037
523 1034
524 1034
526 1036
527 1039
528 1033
530 1039
531 1038
532 1032
534 1038
535 1033
537 1033
538 1034
539 1036
541 1033
542 1032
543 1036
545 1036
546 1032
548 1034
549 1033
550 1034
552 1034
553 1035
555 1032
556 1035
557 1033
559 1033
560 1038
561 1037
563 1035
564 1033
566 1035
567 1035
568 1034
570 1034
571 1035
572 1034
574 1037
575 1033
577 1036
578 1034
579 1032
581 1035
582 1038
584 1036
585 1036
586 1038
588 1036
589 1033
590 1032
592 1036
593 1034
595 1036
596 1034
597 1038
599 1035
600 1035
601 1034
603 1032
604 1038
606 1038
607 1035
608 1034
610 1038
611 1038
613 1039
614 1035
615 1036
617 1033
618 1034
619 1035
621 1037
622 1038
624 1035
625 1036
626 1035
628 1037
629 1035
630 1037
632 1032
633 1033
635 1033
636 1039
637 1034
639 1036
640 1036
641 1035
643 1034
644 1034
646 1034
647 1035
648 1036
650 1039
651 1030
653 1035
654 1035
655 1034
657 1034
658 1036
659 1036
661 1037
662 1033
664 1033
665 1033
666 1036
668 1034
669 1034
670 1033
672 1032
673 1035
675 1036
676 1038
677 1034
679 1034
680 1030
682 1039
683 1033
684 1037
686 1036
687 1033
688 1037
690 1033
691 1032
693 1036
694 1036
695 1036
697 1035
698 1033
699 1037
701 1035
702 1035
704 1038
705 1031
706 1033
708 1035
709 1036
711 1032
712 1040
713 1033
715 1037
716 1033
717 1036
719 1033
720 1033
722 1034
723 1036
724 1035
726 1032
727 1037
728 1033
730 1040
731 1038
733 1033
734 1031
735 1037
737 1039
738 1033
740 1034
741 1032
742 1038
744 1037
745 1036
746 1035
748 1034
749 1035
751 1034
752 1034
753 1034
755 1034
756 1034
757 1038
759 1036
760 1038
762 1033
763 1034
764 1037
766 1037
767 1032
769 1033
770 1030
771 1036
773 1034
774 1034
775 1035
777 1035
778 1031
780 1034
781 1035
782 1035
784 1035
785 1037
786 1034
788 1036
789 1036
791 1038
792 1032
793 1032
795 1033
796 1037
798 1034
799 1036
800 1033
802 1033
803 1035
804 1031
806 1033
807 1032
809 1034
810 1036
811 1040
813 1031
814 1040
815 1035
817 1038
818 1033
820 1035
821 1036
822 1035
824 1033
825 1038
827 1032
828 1030
829 1033
831 1033
832 1038
833 1038
835 1037
836 1032
838 1037
839 1035
840 1036
842 1035
843 1034
844 1035
846 1032
847 1033
849 1034
850 1036
851 1034
853 1034
854 1033
855 1037
857 1037
858 1030
860 1033
861 1031
862 1039
864 1034
865 1038
867 1035
868 1035
869 1032
871 1036
872 1034
873 1035
875 1036
876 1034
878 1034
879 1036
880 1036
882 1033
883 1034
884 1031
886 1036
887 1035
889 1037
890 1040
891 1037
893 1035
894 1032
896 1034
897 1034
898 1036
900 1037
901 1035
902 1036
904 1030
905 1038
907 1036
908 1036
909 1033
911 1034
912 1034
913 1037
915 1033
916 1032
918 1038
919 1034
920 1035
922 1037
923 1034
925 1036
926 1036
927 1034
929 1033
930 1033
931 1037
933 1033
934 1036
936 1036
937 1035
938 1035
940 1036
941 1034
942 1035
944 1032
945 1036
947 1034
948 1037
949 1035
951 1035
952 1035
954 1037
955 1035
956 1035
958 1038
959 1033
960 1032
962 1032
963 1035
965 1036
966 1041
967 1039
969 1030
970 1035
971 1037
973 1036
974 1034
976 1031
977 1036
978 1036
980 1038
981 1031
983 1036
984 1034
985 1035
987 1033
988 1035
989 1035
991 1035
992 1034
994 1038
995 1039
996 1037
998 1036
999 1033
1000 1039
1002 1037
1003 1037
1005 1036
1006 1031
1007 1035
1009 1033
1010 1030
1012 1034
1013 1037
1014 1034
1016 1034
1017 1034
1018 1034
1020 1033
1021 1034
1023 1034
1024 1032
1025 1037
1027 1039
1028 1034
1029 1033
1031 1034
1032 1034
1034 1036
1035 1034
1036 1037
1038 1033
1039 1040
1040 1038
1042 1035
1043 1038
1045 1037
1046 1033
1047 1037
1049 1033
1050 1033
1052 1034
1053 1037
1054 1038
1056 1032
1057 1032
1058 1033
1060 1038
1061 1034
1063 1036
1064 1035
1065 1037
1067 1037
1068 1037
1069 1032
1071 1035
1072 1033
1074 1034
1075 1033
1076 1031
1078 1035
1079 1037
1081 1034
1082 1035
1083 1034
1085 1036
1086 1036
1087 1036
1089 1037
1090 1037
1092 1036
1093 1035
1094 1036
1096 1035
1097 1038
1098 1033
1100 1034
1101 1035
1103 1035
1104 1033
1105 1035
1107 1035
1108 1032
1110 1038
1111 1039
1112 1034
1114 1035
1115 1035
1116 1035
1118 1037
1119 1036
1121 1033
1122 1036
1123 1037
1125 1033
1126 1037
1127 1038
1129 1039
1130 1034
1132 1035
1133 1036
1134 1034
1136 1032
1137 1034
1139 1033
1140 1032
1141 1033
1143 1035
1144 1036
1145 1037
1147 1035
1148 1038
1150 1036
1151 1037
1152 1034
1154 1036
1155 1038
1156 1033
1158 1036
1159 1033
1161 1034
1162 1038
1163 1034
1165 1036
1166 1037
1168 1035
1169 1034
1170 1035
1172 1035
1173 1036
1174 1032
1176 1031
1177 1030
1179 1035
1180 1035
1181 1035
1183 1034
1184 1037
1185 1036
1187 1037
1188 1034
1190 1035
1191 1034
1192 1033
1194 1032
1195 1031
1197 1032
1198 1034
1199 1032
1201 1035
1202 1035
1203 1035
1205 1033
1206 1035
1208 1037
1209 1037
1210 1032
1212 1034
1213 1037
1214 1037
1216 1039
1217 1035
1219 1038
1220 1034
1221 1036
1223 1034
1224 1034
1226 1038
1227 1034
1228 1036
1230 1033
1231 1034
1232 1034
1234 1034
1235 1032
1237 1036
1238 1032
1239 1035
1241 1034
1242 1034
1243 1032
1245 1034
1246 1035
1248 1036
1249 1034
1250 1036
1252 1034
1253 1037
1255 1036
1256 1033
1257 1038
1259 1036
1260 1036
1261 1032
1263 1033
1264 1039
1266 1036
1267 1034
1268 1032
1270 1033
1271 1034
1272 1032
1274 1033
1275 1030
1277 1033
1278 1036
1279 1035
1281 1033
1282 1038
1283 1037
1285 1035
1286 1037
1288 1033
1289 1038
1290 1031
1292 1036
1293 1035
1295 1036
1296 1036
1297 1032
1299 1036
1300 1038
1301 1034
1303 1035
1304 1037
1306 1034
1307 1035
1308 1039
1310 1033
1311 1037
1312 1035
1314 1034
1315 1036
1317 1036
1318 1036
1319 1034
1321 1036
1322 1038
1324 1035
1325 1037
1326 1036
1328 1038
1329 1031
1330 1036
1332 1035
1333 1034
1335 1035
1336 1036
1337 1034
1339 1034
1340 1036
1341 1034
1343 1038
1344 1032
1346 1037
1347 1035
1348 1037
1350 1038
1351 1036
1353 1036
1354 1034
1355 1031
1357 1034
1358 1035
1359 1038
1361 1037
1362 1037
1364 1032
1365 1037
1366 1039
1368 1035
1369 1040
1370 1036
1372 1036
1373 1036
1375 1034
1376 1036
1377 1038
1379 1037
1380 1037
1382 1033
1383 1035
1384 1033
1386 1034
1387 1035
1388 1036
1390 1038
1391 1037
1393 1038
1394 1038
1395 1033
1397 1036
1398 1034
1399 1033
1401 1036
1402 1038
1404 1035
1405 1034
1406 1035
1408 1038
1409 1033
1411 1034
1412 1032
1413 1037
1415 1037
1416 1033
1417 1033
1419 1036
1420 1034
1422 1033
1423 1035
1424 1035
1426 1035
1427 1034
1428 1036
1430 1033
1431 1039
1433 1033
1434 1033
1435 1037
1437 1033
1438 1037
1440 1032
1441 1033
1442 1037
1444 1036
1445 1035
1446 1036
1448 1037
1449 1032
1451 1038
1452 1036
1453 1038
1455 1038
1456 1032
1457 1035
1459 1032
1460 1032
1462 1034
1463 1035
1464 1034
1466 1034
1467 1035
1468 1038
1470 1035
1471 1038
1473 1037
1474 1037
1475 1035
1477 1037
1478 1036
1480 1032
1481 1039
1482 1037
1484 1036
1485 1035
1486 1035
1488 1036
1489 1037
1491 1032
1492 1035
1493 1037
1495 1035
1496 1033
1497 1033
1499 1034
1500 1030
1502 1032
1503 1032
1504 1037
1506 1033
1507 1036
1509 1035
1510 1032
1511 1034
1513 1033
1514 1034
1515 1038
1517 1035
1518 1030
1520 1031
1521 1034
1522 1032
1524 1037
1525 1038
1526 1037
1528 1036
1529 1032
1531 1034
1532 1035
1533 1037
1535 1033
1536 1033
1538 1038
1539 1039
1540 1040
1542 1031
1543 1035
1544 1037
1546 1037
1547 1033
1549 1032
1550 1031
1551 1035
1553 1034
1554 1037
1555 1033
1557 1036
1558 1037
1560 1034
1561 1034
1562 1034
1564 1033
1565 1035
1567 1033
1568 1034
1569 1036
1571 1034
1572 1036
1573 1036
1575 1036
1576 1032
1578 1037
1579 1036
1580 1034
1582 1034
1583 1034
1584 1032
1586 1035
1587 1032
1589 1033
1590 1035
1591 1034
1593 1037
1594 1037
1596 1036
1597 1037
1598 1032
1600 1035
1601 1035
1602 1035
1604 1038
1605 1037
1607 1036
1608 1033
1609 1034
1611 1031
1612 1030
1613 1032
1615 1033
1616 1037
1618 1038
1619 1038
1620 1033
1622 1038
1623 1036
1625 1034
1626 1036
1627 1034
1629 1036
1630 1037
1631 1032
1633 1033
1634 1032
1636 1034
1637 1034
1638 1034
1640 1035
1641 1038
1642 1037
1644 1034
1645 1030
1647 1036
1648 1035
1649 1034
1651 1035
1652 1037
1654 1034
1655 1035
1656 1036
1658 1036
1659 1032
1660 1035
1662 1035
1663 1033
1665 1034
1666 1036
1667 1037
1669 1036
1670 1035
1671 1033
1673 1039
1674 1036
1676 1036
1677 1039
1678 1035
1680 1035
1681 1034
1683 1035
1684 1034
1685 1036
1687 1035
1688 1034
1689 1034
1691 1036
1692 1034
1694 1037
1695 1033
1696 1038
1698 1038
1699 1034
1700 1032
1702 1034
1703 1033
1705 1036
1706 1036
1707 1037
1709 1034
1710 1037
1711 1032
1713 1034
1714 1034
1716 1036
1717 1033
1718 1039
1720 1033
1721 1038
1723 1034
1724 1036
1725 1035
1727 1034
1728 1035
1729 1034
1731 1037
1732 1035
1734 1034
1735 1034
1736 1037
1738 1035
1739 1036
1740 1038
1742 1036
1743 1034
1745 1032
1746 1034
1747 1035
1749 1034
1750 1036
1752 1037
1753 1035
1754 1033
1756 1031
1757 1036
1758 1035
1760 1037
1761 1037
1763 1035
1764 1034
1765 1033
1767 1033
1768 1036
1769 1034
1771 1032
1772 1033
1774 1041
1775 1032
1776 1034
1778 1035
1779 1036
1781 1036
1782 1033
1783 1033
1785 1032
1786 1033
1787 1037
1789 1036
1790 1035
1792 1039
1793 1035
1794 1033
1796 1033
1797 1034
1798 1037
1800 1033
1801 1034
1803 1038
1804 1036
1805 1037
1807 1034
1808 1036
1810 1034
1811 1038
1812 1037
1814 1032
1815 1038
1816 1037
1818 1034
1819 1034
1821 1032
1822 1035
1823 1035
1825 1036
1826 1032
1827 1034
1829 1034
1830 1037
1832 1037
1833 1037
1834 1034
1836 1032
1837 1036
1838 1035
1840 1035
1841 1039
1843 1035
1844 1036
1845 1036
1847 1036
1848 1036
1850 1036
1851 1036
1852 1035
1854 1037
1855 1034
1856 1034
1858 1033
1859 1035
1861 1035
1862 1032
1863 1033
1865 1033
1866 1033
1867 1036
1869 1037
1870 1033
1872 1036
1873 1037
1874 1034
1876 1035
1877 1036
1879 1034
1880 1035
1881 1037
1883 1036
1884 1036
1885 1034
1887 1037
1888 1035
1890 1033
1891 1034
1892 1039
1894 1041
1895 1037
1896 1038
1898 1036
1899 1036
1901 1034
1902 1034
1903 1034
1905 1035
1906 1035
1908 1036
1909 1033
1910 1037
1912 1037
1913 1035
1914 1035
1916 1038
1917 1036
1919 1035
1920 1037
1921 1037
1923 1033
1924 1037
1925 1037
1927 1035
1928 1036
1930 1035
1931 1034
1932 1035
1934 1037
1935 1035
1937 1034
1938 1033
1939 1036
1941 1033
1942 1033
1943 1033
1945 1036
1946 1033
1948 1036
1949 1033
1950 1035
1952 1036
1953 1034
1954 1036
1956 1032
1957 1035
1959 1033
1960 1037
1961 1034
1963 1036
1964 1034
1965 1035
1967 1036
1968 1031
1970 1034
1971 1034
1972 1033
1974 1034
1975 1036
1977 1034
1978 1034
1979 1035
1981 1037
1982 1034
1983 1033
1985 1038
1986 1034
1988 1035
1989 1037
1990 1032
1992 1036
1993 1035
1994 1035
1996 1037
1997 1035
1999 1032
2000 1034
2001 1034
2003 1032
