1 750
2 746
4 749
5 749
6 749
8 747
9 747
11 744
12 749
13 747
15 745
16 743
17 744
19 744
20 746
22 750
23 745
24 747
26 749
27 745
29 747
30 747
31 746
33 748
34 749
35 749
37 746
38 743
40 749
41 744
42 748
44 748
45 745
46 748
48 746
49 745
51 746
52 743
53 748
55 745
56 752
58 749
59 744
60 746
62 744
63 745
64 746
66 744
67 746
69 745
70 747
71 746
73 749
74 747
75 743
77 752
78 745
80 746
81 748
82 744
84 746
85 747
87 748
88 746
89 748
91 750
92 746
93 751
95 747
96 746
98 748
99 744
100 748
102 745
103 750
104 745
106 746
107 749
109 747
110 745
111 746
113 747
114 746
116 746
117 745
118 745
120 744
121 749
122 747
124 743
125 747
127 744
128 747
129 749
131 744
132 745
133 747
135 748
136 745
138 751
139 745
140 748
142 749
143 746
145 745
146 748
147 746
149 747
150 748
151 745
153 748
154 746
156 746
157 743
158 743
160 745
161 746
162 747
164 746
165 750
167 747
168 743
169 747
171 743
172 752
174 744
175 747
176 749
178 750
179 749
180 743
182 748
183 749
185 746
186 751
187 749
189 742
190 748
191 749
193 751
194 751
196 746
197 746
198 745
200 745
201 743
203 749
204 747
205 746
207 748
208 747
209 749
211 745
212 744
214 746
215 749
216 748
218 746
219 745
220 745
222 751
223 745
225 749
226 746
227 743
229 747
230 745
232 747
233 745
234 748
236 750
237 747
238 747
240 746
241 745
243 748
244 747
245 747
247 750
248 750
249 747
251 747
252 749
254 743
255 748
256 747
258 749
259 743
261 749
262 745
263 743
265 751
266 747
267 744
269 746
270 747
272 747
273 743
274 750
276 744
277 745
278 748
280 745
281 748
283 745
284 748
285 745
287 746
288 747
290 751
291 744
292 747
294 746
295 747
296 748
298 743
299 747
301 748
302 747
303 745
305 750
306 748
307 746
309 748
310 747
312 748
313 747
314 745
316 747
317 743
319 745
320 746
321 743
323 749
324 747
325 745
327 744
328 745
330 746
331 748
332 748
334 745
335 753
336 744
338 745
339 749
341 749
342 745
343 746
345 746
346 748
348 747
349 746
350 745
352 748
353 746
354 744
356 745
357 748
359 748
360 744
361 746
363 747
364 748
365 748
367 748
368 746
370 748
371 745
372 751
374 741
375 749
377 746
378 747
379 747
381 746
382 747
383 746
385 745
386 749
388 746
389 748
390 748
392 746
393 749
394 748
396 749
397 746
399 751
400 748
401 750
403 748
404 745
406 748
407 745
408 747
410 746
411 749
412 749
414 746
415 745
417 750
418 746
419 747
421 747
422 746
423 748
425 749
426 750
428 748
429 745
430 748
432 749
433 750
435 751
436 745
437 746
439 743
440 747
441 745
443 747
444 748
446 746
447 747
448 747
450 745
451 743
452 746
454 747
455 748
457 745
458 751
459 745
461 751
462 747
464 751
465 747
466 749
468 752
469 746
470 747
472 744
473 751
475 749
476 747
477 747
479 750
480 746
481 750
483 745
484 748
486 744
487 747
488 746
490 748
491 745
493 747
494 745
495 743
497 744
498 746
499 751
501 745
502 746
504 745
505 747
506 744
508 746
509 745
510 746
512 748
513 742
515 748
516 747
517 748
519 744
520 747
522 746
523 747
524 748
526 745
527 746
528 751
530 744
531 745
533 744
534 746
535 743
537 748
538 746
539 746
541 747
542 748
544 751
545 747
546 747
548 747
549 750
551 750
552 746
553 748
555 749
556 749
557 749
559 743
560 747
562 748
563 744
564 750
566 748
567 747
568 748
570 744
571 749
573 749
574 746
575 745
577 747
578 746
580 748
581 747
582 742
584 747
585 747
586 749
588 746
589 744
591 747
592 746
593 748
595 747
596 747
597 746
599 751
600 744
602 745
603 747
604 743
606 746
607 749
609 749
610 749
611 745
613 748
614 745
615 746
617 749
618 749
620 750
621 746
622 743
624 745
625 748
626 748
628 749
629 746
631 744
632 746
633 747
635 748
636 747
638 744
639 749
640 751
642 746
643 747
644 746
646 744
647 746
649 745
650 750
651 748
653 746
654 749
655 745
657 747
658 747
660 747
661 748
662 745
664 744
665 747
667 749
668 747
669 751
671 747
672 746
673 749
675 744
676 743
678 749
679 746
680 749
682 748
683 746
684 749
686 745
687 751
689 747
690 746
691 746
693 746
694 746
696 753
697 745
698 749
700 745
701 750
702 746
704 745
705 744
707 743
708 748
709 747
711 745
712 748
713 746
715 745
716 744
718 745
719 745
720 748
722 747
723 750
725 745
726 747
727 749
729 750
730 746
731 751
733 745
734 748
736 747
737 746
738 746
740 749
741 743
742 752
744 746
745 747
747 744
748 745
749 747
751 745
752 750
754 746
755 747
756 751
758 747
759 747
760 745
762 746
763 746
765 749
766 743
767 747
769 748
770 745
771 746
773 743
774 744
776 745
777 749
778 746
780 749
781 748
783 747
784 748
785 750
787 744
788 746
789 745
791 744
792 747
794 743
795 745
796 748
798 744
799 743
800 744
802 746
803 747
805 749
806 747
807 746
809 748
810 750
812 749
813 750
814 749
816 748
817 745
818 745
820 748
821 745
823 747
824 748
825 747
827 748
828 746
829 748
831 747
832 747
834 750
835 746
836 746
838 747
839 745
841 747
842 745
843 745
845 744
846 748
847 748
849 745
850 743
852 744
853 748
854 748
856 753
857 745
858 747
860 748
861 743
863 748
864 746
865 749
867 747
868 744
870 744
871 746
872 745
874 746
875 748
876 743
878 748
879 747
881 744
882 748
883 745
885 747
886 746
887 743
889 746
890 747
892 748
893 747
894 746
896 744
897 746
899 744
900 750
901 747
903 745
904 748
905 749
907 748
908 746
910 747
911 743
912 743
914 747
915 746
916 747
918 750
919 745
921 750
922 745
923 745
925 744
926 748
928 746
929 749
930 745
932 745
933 750
934 748
936 747
937 749
939 749
940 750
941 749
943 747
944 744
945 745
947 745
948 748
950 747
951 742
952 747
954 746
955 747
957 748
958 748
959 744
961 748
962 745
963 748
965 749
966 748
968 747
969 745
970 750
972 749
973 746
974 746
976 746
977 750
979 746
980 749
981 747
983 745
984 746
986 743
987 743
988 747
990 747
991 749
992 746
994 746
995 745
997 747
998 745
999 749
1001 749
1002 747
1003 746
1005 745
1006 745
1008 748
1009 746
1010 746
1012 751
1013 748
1015 744
1016 747
1017 749
1019 749
1020 744
1021 747
1023 745
1024 748
1026 747
1027 747
1028 744
1030 743
1031 748
1032 746
1034 748
1035 750
1037 748
1038 748
1039 746
1041 744
1042 748
1044 747
1045 745
1046 749
1048 746
1049 746
1050 749
1052 746
1053 747
1055 746
1056 747
1057 747
1059 747
1060 749
1061 749
1063 747
1064 749
1066 745
1067 748
1068 747
1070 752
1071 748
1073 746
1074 746
1075 746
1077 749
1078 749
1079 743
1081 745
1082 748
1084 749
1085 749
1086 747
1088 746
1089 746
1090 749
1092 747
1093 749
1095 746
1096 749
1097 748
1099 749
1100 746
1102 747
1103 746
1104 748
1106 750
1107 753
1108 748
1110 746
1111 745
1113 745
1114 746
1115 746
1117 747
1118 747
1119 745
1121 747
1122 745
1124 751
1125 745
1126 745
1128 745
1129 744
1131 744
1132 747
1133 751
1135 749
1136 746
1137 746
1139 747
1140 747
1142 749
1143 749
1144 744
1146 748
1147 751
1148 745
1150 747
1151 750
1153 746
1154 746
1155 746
1157 747
1158 748
1160 744
1161 748
1162 748
1164 744
1165 749
1166 743
1168 745
1169 747
1171 746
1172 746
1173 749
1175 748
1176 747
1177 748
1179 746
1180 748
1182 748
1183 747
1184 746
1186 749
1187 745
1189 746
1190 747
1191 745
1193 746
1194 746
1195 745
1197 746
1198 748
1200 749
1201 746
1202 746
1204 747
1205 748
1206 746
1208 745
1209 746
1211 747
1212 746
1213 746
1215 750
1216 746
1218 751
1219 744
1220 746
1222 748
1223 750
1224 747
1226 748
1227 744
1229 747
1230 749
1231 753
1233 746
1234 746
1235 748
1237 749
1238 748
1240 747
1241 742
1242 748
1244 744
1245 748
1247 748
1248 749
1249 748
1251 747
1252 745
1253 747
1255 747
1256 750
1258 750
1259 747
1260 752
1262 747
1263 746
1264 745
1266 747
1267 745
1269 745
1270 752
1271 747
1273 747
1274 745
1276 743
1277 747
1278 743
1280 749
1281 748
1282 746
1284 746
1285 746
1287 743
1288 747
1289 746
1291 750
1292 747
1293 747
1295 746
1296 749
1298 748
1299 747
1300 748
1302 749
1303 747
1305 747
1306 747
1307 750
1309 743
1310 746
1311 748
1313 744
1314 745
1316 744
1317 750
1318 748
1320 749
1321 748
1322 745
1324 744
1325 744
1327 744
1328 748
1329 745
1331 747
1332 746
1333 750
1335 746
1336 747
1338 748
1339 745
1340 742
1342 747
1343 747
1345 747
1346 747
1347 749
1349 746
1350 747
1351 748
1353 744
1354 746
1356 745
1357 747
1358 747
1360 746
1361 744
1362 748
1364 746
1365 747
1367 748
1368 743
1369 746
1371 746
1372 748
1374 747
1375 747
1376 744
1378 747
1379 746