1 1440
2 1436
4 1438
5 1437
6 1433
8 1434
9 1436
11 1437
12 1436
13 1434
15 1438
16 1438
17 1436
19 1435
20 1436
22 1434
23 1437
24 1434
26 1436
27 1434
29 1435
30 1434
31 1438
33 1432
34 1437
35 1436
37 1434
38 1436
40 1435
41 1435
42 1432
44 1434
45 1436
46 1436
48 1434
49 1437
51 1438
52 1436
53 1434
55 1436
56 1437
58 1436
59 1435
60 1433
62 1438
63 1434
64 1433
66 1438
67 1435
69 1435
70 1434
71 1435
73 1434
74 1435
75 1437
77 1437
78 1437
80 1432
81 1431
82 1434
84 1434
85 1436
87 1435
88 1436
89 1434
91 1436
92 1433
93 1436
95 1435
96 1437
98 1431
99 1437
100 1437
102 1435
103 1436
104 1435
106 1438
107 1435
109 1437
110 1434
111 1436
113 1436
114 1436
115 1435
117 1438
118 1437
120 1437
121 1431
122 1438
124 1435
125 1436
127 1438
128 1438
129 1434
131 1434
132 1436
133 1434
135 1436
136 1438
138 1437
139 1434
140 1436
142 1434
143 1436
144 1433
146 1438
147 1432
149 1435
150 1437
151 1433
153 1437
154 1432
156 1434
157 1434
158 1435
160 1434
161 1437
162 1434
164 1436
165 1437
167 1436
168 1432
169 1436
171 1435
172 1437
173 1436
175 1437
176 1435
178 1437
179 1433
180 1436
182 1434
183 1435
185 1434
186 1433
187 1436
189 1432
190 1432
191 1434
193 1433
194 1436
196 1434
197 1433
198 1435
200 1436
201 1438
202 1436
204 1435
205 1433
207 1435
208 1434
209 1434
211 1432
212 1434
214 1435
215 1434
216 1437
218 1434
219 1438
220 1435
222 1436
223 1434
225 1431
226 1437
227 1436
229 1436
230 1434
231 1437
233 1435
234 1434
236 1435
237 1434
238 1436
240 1435
241 1436
243 1433
244 1436
245 1434
247 1436
248 1435
249 1435
251 1434
252 1435
254 1437
255 1433
256 1439
258 1437
259 1431
260 1433
262 1433
263 1435
265 1437
266 1432
267 1435
269 1432
270 1436
272 1436
273 1437
274 1434
276 1434
277 1434
278 1439
280 1434
281 1435
283 1436
284 1437
285 1437
287 1435
288 1435
289 1433
291 1437
292 1435
294 1433
295 1438
296 1434
298 1435
299 1430
301 1435
302 1441
303 1436
305 1437
306 1433
307 1435
309 1433
310 1435
312 1430
313 1435
314 1436
316 1434
317 1437
318 1433
320 1438
321 1437
323 1435
324 1435
325 1437
327 1431
328 1437
330 1431
331 1437
332 1436
334 1433
335 1435
336 1436
338 1436
339 1435
341 1434
342 1438
343 1435
345 1436
346 1436
347 1436
349 1435
350 1434
352 1435
353 1435
354 1435
356 1436
357 1433
359 1436
360 1437
361 1438
363 1432
364 1438
365 1436
367 1435
368 1435
370 1435
371 1437
372 1431
374 1434
375 1434
376 1435
378 1434
379 1436
381 1439
382 1434
383 1435
385 1436
386 1437
388 1432
389 1434
390 1437
392 1435
393 1433
394 1437
396 1436
397 1435
399 1436
400 1433
401 1434
403 1436
404 1435
405 1434
407 1433
408 1435
410 1432
411 1437
412 1438
414 1436
415 1436
417 1436
418 1435
419 1438
421 1433
422 1437
423 1435
425 1432
426 1436
428 1434
429 1434
430 1436
432 1434
433 1436
434 1434
436 1435
437 1433
439 1437
440 1437
441 1437
443 1436
444 1434
446 1439
447 1436
448 1436
450 1436
451 1433
452 1433
454 1436
455 1437
457 1434
458 1434
459 1433
461 1432
462 1436
463 1432
465 1435
466 1436
468 1436
469 1437
470 1434
472 1434
473 1437
475 1433
476 1432
477 1435
479 1436
480 1439
481 1433
483 1437
484 1434
486 1438
487 1431
488 1435
490 1440
491 1436
492 1433
494 1435
495 1431
497 1433
498 1436
499 1435
501 1435
502 1436
504 1436
505 1432
506 1435
508 1436
509 1430
510 1434
512 1435
513 1435
515 1432
516 1438
517 1438
519 1434
520 1437
521 1433
523 1432
524 1434
526 1434
527 1437
528 1436
530 1436
531 1438
533 1436
534 1436
535 1434
537 1434
538 1438
539 1438
541 1431
542 1433
544 1435
545 1433
546 1437
548 1435
549 1435
550 1436
552 1434
553 1434
555 1435
556 1438
557 1431
559 1437
560 1437
562 1434
563 1436
564 1435
566 1435
567 1437
568 1434
570 1435
571 1436
573 1435
574 1436
575 1432
577 1433
578 1435
579 1437
581 1433
582 1432
584 1436
585 1433
586 1436
588 1434
589 1436
590 1435
592 1436
593 1438
595 1436
596 1433
597 1437
599 1438
600 1434
602 1437
603 1434
604 1434
606 1435
607 1435
608 1437
610 1431
611 1434
613 1435
614 1436
615 1433
617 1435
618 1433
619 1434
621 1434
622 1437
624 1433
625 1435
626 1433
628 1438
629 1435
631 1434
632 1435
633 1436
635 1439
636 1431
637 1435
639 1439
640 1433
642 1435
643 1436
644 1435
646 1434
647 1437
648 1437
650 1438
651 1432
653 1440
654 1438
655 1436
657 1433
658 1435
660 1435
661 1436
662 1434
664 1437
665 1433
666 1438
668 1436
669 1435
671 1436
672 1434
673 1436
675 1434
676 1437
677 1432
679 1436
680 1439
682 1439
683 1436
684 1436
686 1434
687 1431
689 1434
690 1438
691 1436
693 1432
694 1436
695 1433
697 1433
698 1433
700 1435
701 1435
702 1435
704 1434
705 1434
706 1434
708 1434
709 1439
711 1438
712 1435
713 1436
715 1438
716 1439
718 1435
719 1433
720 1435
722 1434
723 1436
724 1434
726 1437
727 1431
729 1437
730 1436
731 1438
733 1434
734 1433
735 1437
737 1434
738 1437
740 1436
741 1434
742 1436
744 1432
745 1439
747 1435
748 1434
749 1433
751 1434
752 1433
753 1432
755 1436
756 1431
758 1433
759 1436
760 1436
762 1435
763 1432
764 1437
766 1433
767 1436
769 1439
770 1433
771 1439
773 1433
774 1432
776 1436
777 1433
778 1434
780 1433
781 1434
782 1434
784 1435
785 1434
787 1437
788 1434
789 1434
791 1433
792 1434
793 1434
795 1431
796 1435
798 1436
799 1437
800 1437
802 1435
803 1436
805 1437
806 1433
807 1435
809 1436
810 1437
811 1436
813 1437
814 1436
816 1434
817 1435
818 1436
820 1433
821 1436
822 1436
824 1435
825 1431
827 1437
828 1431
829 1435
831 1435
832 1436
834 1439
835 1435
836 1435
838 1437
839 1436
840 1437
842 1437
843 1437
845 1433
846 1436
847 1433
849 1440
850 1437
851 1435
853 1437
854 1434
856 1439
857 1434
858 1435
860 1438
861 1435
863 1435
864 1435
865 1436
867 1436
868 1436
869 1436
871 1434
872 1438
874 1435
875 1435
876 1433
878 1435
879 1432
880 1435
882 1433
883 1437
885 1436
886 1438
887 1435
889 1435
890 1435
892 1433
893 1433
894 1437
896 1437
897 1437
898 1436
900 1433
901 1435
903 1437
904 1432
905 1435
907 1434
908 1434
909 1434
911 1436
912 1436
914 1435
915 1434
916 1437
918 1436
919 1437
921 1434
922 1436
923 1436
925 1433
926 1435
927 1438
929 1436
930 1434
932 1433
933 1435
934 1437
936 1435
937 1437
938 1436
940 1433
941 1435
943 1431
944 1434
945 1434
947 1436
948 1432
950 1432
951 1434
952 1437
954 1437
955 1432
956 1434
958 1441
959 1436
961 1437
962 1437
963 1433
965 1433
966 1434
967 1434
969 1433
970 1434
972 1436
973 1435
974 1436
976 1432
977 1434
979 1435
980 1432
981 1434
983 1434
984 1434
985 1433
987 1437
988 1436
990 1434
991 1437
992 1438
994 1435
995 1434
996 1435
998 1433
999 1439
1001 1433
1002 1434
1003 1436
1005 1434
1006 1437
1008 1435
1009 1435
1010 1435
1012 1435
1013 1432
1014 1432
1016 1433
1017 1432
1019 1433
1020 1436
1021 1436
1023 1436
1024 1435
1025 1436
1027 1433
1028 1432
1030 1435
1031 1433
1032 1434
1034 1438
1035 1439
1037 1435
1038 1434
1039 1433
1041 1436
1042 1436
1043 1436
1045 1435
1046 1433
1048 1435
1049 1435
1050 1436
1052 1433
1053 1433
1054 1434
1056 1437
1057 1436
1059 1435
1060 1435
1061 1434
1063 1433
1064 1434
1066 1437
1067 1434
1068 1435
1070 1434
1071 1436
1072 1438
1074 1434
1075 1439
1077 1435
1078 1436
1079 1434
1081 1436
1082 1435
1083 1433
1085 1436
1086 1435
1088 1433
1089 1437
1090 1433
1092 1436
1093 1434
1095 1439
1096 1435
1097 1439
1099 1437
1100 1436
1101 1439
1103 1431
1104 1438
1106 1437
1107 1433
1108 1436
1110 1435
1111 1433
1112 1438
1114 1433
1115 1435
1117 1431
1118 1435
1119 1435
1121 1434
1122 1437
1123 1432
1125 1438
1126 1435
1128 1436
1129 1433
1130 1436
1132 1435
1133 1435
1135 1432
1136 1434
1137 1435
1139 1436
1140 1432
1141 1432
1143 1437
1144 1434
1146 1435
1147 1436
1148 1435
1150 1433
1151 1435
1152 1439
1154 1434
1155 1434
1157 1433
1158 1437
1159 1436
1161 1437
1162 1435
1164 1434
1165 1435
1166 1437
1168 1436
1169 1438
1170 1434
1172 1437
1173 1434
1175 1437
1176 1434
1177 1434
1179 1436
1180 1436
1181 1438
1183 1437
1184 1433
1186 1437
1187 1435
1188 1433
1190 1434
1191 1439
1193 1435
1194 1435
1195 1437
1197 1436
1198 1434
1199 1438
1201 1435
1202 1434
1204 1434
1205 1435
1206 1435
1208 1435
1209 1433
1210 1435
1212 1436
1213 1433
1215 1436
1216 1435
1217 1433
1219 1434
1220 1436
1222 1432
1223 1435
1224 1437
1226 1437
1227 1433
1228 1439
1230 1438
1231 1432
1233 1436
1234 1431
1235 1436
1237 1438
1238 1435
1239 1438
1241 1435
1242 1432
1244 1438
1245 1436
1246 1435
1248 1433
1249 1437
1251 1437
1252 1437
1253 1438
1255 1434
1256 1436
1257 1436
1259 1435
1260 1434
1262 1437
1263 1436
1264 1437
1266 1436
1267 1435
1268 1436
1270 1434
1271 1436
1273 1437
1274 1438
1275 1435
1277 1436
1278 1433
1280 1434
1281 1435
1282 1434
1284 1431
1285 1435
1286 1438
1288 1439
1289 1438
1291 1435
1292 1434
1293 1437
1295 1436
1296 1438
1297 1434
1299 1431
1300 1436
1302 1437
1303 1433
1304 1434
1306 1435
1307 1434
1309 1434
1310 1434
1311 1437
1313 1434
1314 1436
1315 1436
1317 1433
1318 1434
1320 1436
1321 1438
1322 1433
1324 1435
1325 1434
1326 1435
1328 1435
1329 1434
1331 1435
1332 1434
1333 1436
1335 1434
1336 1435
1338 1438
1339 1433
1340 1436
1342 1432
1343 1432
1344 1440
1346 1438
1347 1436
1349 1435
1350 1432
1351 1436
1353 1434
1354 1441
1355 1435
1357 1436
1358 1436
1360 1433
1361 1431
1362 1434
1364 1435
1365 1436
1367 1433
1368 1437
1369 1436
1371 1435
1372 1433
1373 1433
1375 1433
1376 1437
1378 1434
1379 1435
1380 1430
1382 1434
1383 1434
1384 1432
1386 1435
1387 1438
1389 1432
1390 1432
1391 1438
1393 1437
1394 1437
1396 1438
1397 1438
1398 1436
1400 1436
1401 1432
1402 1435
1404 1436
1405 1434
1407 1433
1408 1436
1409 1434
1411 1438
1412 1433
1413 1433
1415 1435
1416 1437
1418 1439
1419 1436
1420 1435
1422 1437
1423 1435
1425 1436
1426 1434
1427 1438
1429 1433
1430 1435
1431 1435
1433 1434
1434 1435
1436 1435
1437 1434
1438 1436
1440 1439
1441 1434
1442 1434
1444 1437
1445 1432
1447 1435
1448 1439
1449 1433
1451 1434
1452 1435
1454 1435
1455 1434
1456 1434
1458 1435
1459 1435
1460 1434
1462 1437
1463 1437
1465 1439
1466 1433
1467 1437
1469 1435
1470 1439
1471 1437
1473 1435
1474 1436
1476 1435
1477 1436
1478 1437
1480 1437
1481 1436
1483 1432
1484 1435
1485 1432
1487 1434
1488 1433
1489 1431
1491 1434
1492 1434
1494 1435
1495 1436
1496 1437
1498 1431
1499 1435
1500 1439
1502 1433
1503 1436
1505 1436
1506 1435
1507 1434
1509 1432
1510 1437
1512 1434
1513 1437
1514 1439
1516 1435
1517 1437
1518 1434
1520 1434
1521 1436
1523 1434
1524 1431
1525 1435
1527 1439
1528 1436
1529 1436
1531 1438
1532 1437
1534 1435
1535 1438
1536 1436
1538 1436
1539 1433
1540 1435
1542 1433
1543 1436
1545 1434
1546 1435
1547 1431
1549 1435
1550 1436
1552 1435
1553 1432
1554 1432
1556 1435
1557 1434
1558 1439
1560 1435
1561 1434
1563 1434
1564 1436
1565 1434
1567 1433
1568 1433
1569 1435
1571 1440
1572 1436
1574 1436
1575 1435
1576 1434
1578 1438
1579 1436
1581 1431
1582 1435
1583 1436
1585 1436
1586 1434
1587 1436
1589 1434
1590 1435
1592 1433
1593 1435
1594 1435
1596 1436
1597 1435
1598 1436
1600 1436
1601 1434
1603 1435
1604 1436
1605 1437
1607 1434
1608 1435
1610 1436
1611 1434
1612 1433
1614 1433
1615 1439
1616 1433
1618 1436
1619 1432
1621 1438
1622 1433
1623 1437
1625 1434
1626 1440
1627 1440
1629 1436
1630 1437
1632 1435
1633 1436
1634 1430
1636 1436
1637 1437
1639 1434
1640 1435
1641 1435
1643 1435
1644 1436
1645 1437
1647 1435
