1 793
2 796
4 795
5 793
6 795
8 796
9 794
11 798
12 790
13 795
15 796
16 792
17 793
19 795
20 791
22 793
23 799
24 790
26 795
27 793
29 794
30 792
31 796
33 797
34 790
35 797
37 792
38 795
40 795
41 792
42 792
44 792
45 794
46 792
48 796
49 795
51 795
52 795
53 796
55 794
56 794
58 791
59 793
60 792
62 794
63 795
64 792
66 793
67 795
69 791
70 797
71 794
73 796
74 795
75 796
77 794
78 792
80 795
81 793
118 798
119 794
121 794
122 791
123 798
125 797
126 791
128 794
129 794
130 793
132 791
133 793
134 797
136 796
137 792
139 793
140 795
141 792
143 796
144 795
145 793
147 795
148 792
150 796
151 794
152 791
154 797
155 800
157 789
158 797
159 793
161 790
162 795
163 795
165 796
166 796
168 793
169 792
170 797
172 792
173 794
174 794
176 796
177 793
179 793
180 793
181 794
183 795
184 798
185 796
187 791
188 794
190 795
191 789
192 798
194 795
195 791
197 794
198 795
199 791
201 793
202 796
203 793
205 792
206 796
208 793
209 796
210 794
212 793
213 798
214 794
216 795
217 793
219 794
220 792
221 795
223 792
224 793
226 793
227 795
228 793
230 793
231 797
232 795
234 792
235 792
237 797
238 793
239 797
241 794
242 796
243 794
245 799
246 797
248 791
249 797
250 792
252 795
253 792
255 792
256 800
257 795
259 792
260 794
261 797
263 794
264 795
266 796
267 790
268 793
270 795
271 796
272 796
274 800
275 792
277 794
278 796
279 796
281 791
282 795
284 794
285 795
286 790
288 795
289 799
290 792
292 793
293 791
295 794
296 793
297 792
299 796
300 791
301 797
303 797
304 794
306 798
307 792
308 793
310 792
311 789
313 800
314 796
315 795
317 797
318 792
319 796
321 797
322 794
324 794
325 793
326 791
328 794
329 794
330 792
332 795
333 797
335 796
336 795
337 795
339 793
340 793
342 794
343 794
344 796
346 795
347 794
348 791
350 797
351 793
353 795
354 796
355 794
357 794
358 794
359 794
361 792
362 793
364 794
365 793
366 794
368 791
369 795
371 791
372 793
373 797
375 792
376 798
377 792
379 798
380 795
382 796
383 795
384 793
386 797
387 793
388 796
390 795
391 792
393 794
394 795
395 799
397 798
398 790
400 795
401 793
402 792
404 797
405 793
406 797
408 795
409 797
411 794
412 795
413 798
415 796
416 796
417 794
419 797
420 795
422 794
423 791
424 796
426 799
427 796
429 795
430 796
431 792
433 794
434 796
435 798
437 797
438 797
440 794
441 792
442 792
444 798
445 794
446 792
448 795
449 790
451 793
452 795
453 793
455 794
456 794
458 791
459 795
460 791
462 790
463 799
464 797
466 796
467 792
469 794
470 795
471 796
473 796
474 793
475 795
477 796
478 792
480 791
481 795
482 794
484 793
485 794
486 795
488 795
489 794
491 794
492 796
493 793
495 796
496 792
498 797
499 798
500 798
502 795
503 796
504 796
506 796
507 796
509 792
510 790
511 794
513 794
514 798
515 793
517 794
518 798
520 795
521 794
522 798
524 798
525 796
527 794
528 795
529 795
531 792
532 794
533 793
535 793
536 795
538 795
539 794
540 796
542 792
543 793
544 797
546 795
547 796
549 792
550 793
551 793
553 792
554 797
556 795
557 794
558 796
560 794
561 791
562 795
564 796
565 793
567 797
568 791
569 795
571 798
572 797
573 799
575 797
576 801
578 795
579 797
580 795
582 795
583 797
585 797
586 795
587 794
589 797
590 795
591 794
593 796
594 792
596 792
597 792
598 796
600 796
601 795
602 796
604 795
605 795
607 794
608 793
609 794
611 793
612 796
614 796
615 795
616 794
618 791
619 796
620 796
622 793
623 797
625 793
626 791
627 794
629 796
630 796
631 792
633 796
634 795
636 792
637 789
638 794
640 795
641 794
643 801
644 793
645 791
647 796
648 792
649 793
651 793
652 796
654 791
655 797
656 795
658 798
659 791
660 795
662 796
663 794
665 796
666 792
667 794
669 795
670 796
672 796
673 792
674 794
676 791
677 792
678 790
680 793
681 795
683 791
684 797
685 795
687 792
688 792
689 791
691 796
692 796
694 795
695 795
696 794
698 795
699 793
701 796
702 796
703 795
705 792
706 793
707 791
709 792
710 792
712 797
713 793
714 796
716 794
717 795
718 791
720 798
721 792
723 792
724 794
725 796
727 792
728 794
730 794
731 794
732 794
734 795
735 797
736 797
738 792
739 793
741 796
742 798
743 798
745 796
746 794
747 795
749 796
750 793
752 797
753 794
754 796
756 793
757 796
758 792
760 796
761 792
763 792
764 796
765 794
767 797
768 794
770 794
771 793
772 793
774 797
775 794
776 794
778 796
779 795
781 794
782 794
783 793
785 792
786 793
787 794
789 791
790 793
792 795
793 794
794 794
796 793
797 793
799 795
800 795
801 796
803 793
804 791
805 794
807 794
808 794
810 794
811 795
812 795
814 795
815 795
816 792
818 794
819 796
821 792
822 796
823 795
825 797
826 796
828 794
829 798
830 798
832 794
833 792
834 793
836 793
837 790
839 796
840 796
841 790
843 797
844 796
845 793
847 796
848 794
850 795
851 793
852 793
854 797
855 791
857 796
858 794
859 795
861 793
862 796
863 796
865 798
866 794
868 795
869 795
870 791
872 795
873 801
874 793
876 793
877 791
879 794
880 797
881 796
883 795
884 789
886 791
887 794
888 794
890 793
891 792
892 799
894 798
895 796
897 795
898 788
899 794
901 798
902 795
903 794
905 798
906 793
908 796
909 796
910 794
912 796
913 792
915 795
916 796
917 795
919 794
920 791
921 799
923 794
924 794
926 790
927 797
928 796
930 795
931 795
932 792
934 794
935 794
937 792
938 798
939 795
941 792
942 796
944 796
945 797
946 802
948 793
949 791
950 796
952 790
953 794
955 793
956 796
957 795
959 792
960 794
961 794
963 797
964 795
966 792
967 798
968 793
970 797
971 790
973 794
974 793
975 796
977 794
978 793
979 795
981 792
982 793
984 792
985 792
986 792
988 795
989 793
990 795
992 796
993 795
995 797
996 795
997 795
999 796
1000 795
1002 794
1003 800
1004 796
1006 792
1007 794
1008 796
1010 800
1011 795
1013 798
1014 796
1015 798
1017 798
1018 791
1019 796
1021 792
1022 794
1024 794
1025 795
1026 793
1028 793
1029 796
1031 796
1032 790
1033 795
1035 788
1036 797
1037 791
1039 796
1040 795
1042 795
1043 795
1044 796
1046 794
1047 797
1048 795
1050 798
1051 794
1053 797
1054 792
1055 793
1057 794
1058 796
1060 796
1061 794
1062 797
1064 798
1065 793
1066 795
1068 793
1069 795
1071 792
1072 794
1073 795
1075 789
1076 793
1077 798
1079 796
1080 797
1082 797
1083 796
1084 790
1086 797
1087 796
1088 792
1090 798
1091 792
1093 794
1094 791
1095 792
1097 794
1098 796
1100 795
1101 799
1102 796
1104 795
1105 793
1106 796
1108 796
1109 792
1111 796
1112 794
1113 797
1115 799
1116 795
1117 797
1119 796
1120 792
1122 792
1123 792
1124 795
1126 794
1127 798
1129 794
1130 794
1131 794
1133 796
1134 793
1135 793
1137 795
1138 793
1140 792
1141 795
1142 795
1144 795
1145 793
1146 792
1148 794
1149 790
1151 794
1152 793
1153 797
1155 794
1156 794
1158 794
1159 792
1160 794
1162 792
1163 792
1164 793
1166 794
1167 796
1169 792
1170 795
1171 794
1173 795
1174 795
1175 795
1177 794
1178 793
1180 792
1181 792
1182 794
1184 797
1185 795
1187 793
1188 794
1189 790
1191 792
1192 789
1193 799
1195 794
1196 793
1198 795
1199 792
1200 797
1202 793
1203 790
1204 793
1206 793
1207 793
1209 795
1210 792
1211 796
1213 793
1214 796
1216 793
1217 794
1218 790
1220 793
1221 796
1222 792
1224 792
1225 794
1227 790
1228 792
1229 794
1231 793
1232 794
1233 795
1235 794
1236 793
1238 796
1239 794
1240 796
1242 791
1243 793
1245 796
1246 795
1247 793
1249 794
1250 795
1251 797
1253 794
1254 793
1256 793
1257 795
1258 792
1260 793
1261 795
1262 788
1264 792
1265 798
1267 795
1268 795
1269 795
1271 794
1272 795
1274 794
1275 794
1276 797
1278 799
1279 796
1280 796
1282 793
1283 793
1285 794
1286 793
1287 794
1289 795
1290 796
1291 795
1293 795
1294 795
1296 796
1297 793
1298 796
1300 792
1301 796
1303 792
1304 793
1305 799
1307 792
1308 796
1309 794
1311 794
1312 795
1314 798
1315 794
1316 794
1318 792
1319 794
1320 795
1322 794
1323 795
1325 795
1326 794
1327 796
1329 799
1330 794
1331 793
1333 791
1334 795
1336 792
1337 795
1338 795
1340 797
1341 793
1343 792
1344 793
1345 796
1347 792
1348 792
1349 793
1351 793
1352 795
1354 795
1355 795
1356 795
1358 793
1359 793
1360 791
1362 796
1363 795
1365 793
1366 798
1367 794
1369 796
1370 797
1372 795
1373 796
1374 797
1376 792
1377 791
1378 795
1380 792
1381 793
1383 794
1384 792
1385 796
1387 793
1388 792
1389 800
1391 792
1392 793
1394 794
1395 797
1396 796
1398 795
1399 793
1401 791
1402 793
1403 791
1405 794
1406 795
1407 799
1409 794
